0
8
16
24
32
40
48
57
65
74
83
92
101
110
119
128
138
148
157
167
177
187
197
208
218
229
239
250
261
272
283
295
306
317
329
341
353
365
377
389
401
414
426
439
451
464
477
490
504
517
531
544
558
572
586
600
614
628
642
657
672
686
701
716
731
746
762
777
793
808
824
840
856
872
888
905
921
938
955
971
988
1005
1022
1040
1057
1075
1092
1110
1128
1146
1164
1182
1200
1218
1237
1256
1274
1293
1312
1331
1350
1370
1389
1409
1428
1448
1468
1488
1508
1528
1548
1569
1589
1610
1631
1651
1672
1693
1715
1736
1757
1779
1800
1822
1844
1866
1888
1910
1932
1955
1977
2000
2022
2045
2068
2091
2114
2137
2161
2184
2208
2231
2255
2279
2303
2327
2351
2376
2400
2425
2449
2474
2499
2524
2549
2574
2599
2624
2650
2675
2701
2727
2753
2779
2805
2831
2857
2884
2910
2937
2963
2990
3017
3044
3071
3098
3126
3153
3180
3208
3236
3264
3291
3319
3348
3376
3404
3432
3461
3489
3518
3547
3576
3605
3634
3663
3692
3722
3751
3781
3810
3840
3870
3900
3930
3960
3990
4021
4051
4081
4112
4143
4174
4204
4235
4266
4298
4329
4360
4392
4423
4455
4487
4518
4550
4582
4614
4646
4679
4711
4744
4776
4809
4841
4874
4907
4940
4973
5006
5039
5073
5106
5140
5173
5207
5241
5274
5308
5342
5376
5411
5445
5479
5514
5548
5583
5617
5652
5687
5722
5757
5792
5827
5863
5898
5933
5969
6004
6040
6076
6112
6147
6183
6219
6256
6292
6328
6364
6401
6437
6474
6511
6547
6584
6621
6658
6695
6732
6770
6807
6844
6882
6919
6957
6994
7032
7070
7108
7146
7184
7222
7260
7298
7336
7375
7413
7452
7490
7529
7568
7606
7645
7684
7723
7762
7801
7840
7880
7919
7958
7998
8037
8077
8116
8156
8196
8236
8276
8316
8356
8396
8436
8476
8516
8557
8597
8637
8678
8719
8759
8800
8841
8881
8922
8963
9004
9045
9086
9127
9169
9210
9251
9293
9334
9375
9417
9459
9500
9542
9584
9626
9667
9709
9751
9793
9835
9877
9920
9962
10004
10046
10089
10131
10174
10216
10259
10301
10344
10387
10429
10472
10515
10558
10601
10644
10687
10730
10773
10816
10859
10903
10946
10989
11033
11076
11120
11163
11207
11250
11294
11337
11381
11425
11469
11512
11556
11600
11644
11688
11732
11776
11820
11864
11908
11953
11997
12041
12085
12130
12174
12218
12263
12307
12352
12396
12441
12485
12530
12575
12619
12664
12709
12753
12798
12843
12888
12933
12978
13023
13068
13112
13157
13203
13248
13293
13338
13383
13428
13473
13518
13564
13609
13654
13699
13745
13790
13835
13881
13926
13971
14017
14062
14108
14153
14199
14244
14290
14335
14381
14426
14472
14517
14563
14609
14654
14700
14746
14791
14837
14883
14928
14974
15020
15066
15111
15157
15203
15249
15295
15340
15386
15432
15478
15524
15570
15615
15661
15707
15753
15799
15845
15891
15936
15982
16028
16074
16120
16166
16212
16258
16304
16350
16395
16441
16487
16533
16579
16625
16671
16717
16763
16809
16854
16900
16946
16992
17038
17084
17130
17176
17221
17267
17313
17359
17405
17451
17496
17542
17588
17634
17679
17725
17771
17817
17862
17908
17954
17999
18045
18091
18136
18182
18228
18273
18319
18365
18410
18456
18501
18547
18592
18638
18683
18729
18774
18819
18865
18910
18955
19001
19046
19091
19137
19182
19227
19272
19317
19363
19408
19453
19498
19543
19588
19633
19678
19723
19768
19813
19858
19903
19947
19992
20037
20082
20126
20171
20216
20260
20305
20349
20394
20438
20483
20527
20572
20616
20660
20705
20749
20793
20837
20882
20926
20970
21014
21058
21102
21146
21190
21234
21277
21321
21365
21409
21452
21496
21540
21583
21627
21670
21714
21757
21800
21844
21887
21930
21973
22016
22060
22103
22146
22189
22231
22274
22317
22360
22403
22445
22488
22531
22573
22616
22658
22700
22743
22785
22827
22869
22912
22954
22996
23038
23080
23122
23163
23205
23247
23289
23330
23372
23413
23455
23496
23537
23579
23620
23661
23702
23743
23784
23825
23866
23907
23948
23989
24029
24070
24110
24151
24191
24232
24272
24312
24352
24392
24432
24472
24512
24552
24592
24632
24671
24711
24751
24790
24829
24869
24908
24947
24986
25025
25064
25103
25142
25181
25220
25258
25297
25336
25374
25412
25451
25489
25527
25565
25603
25641
25679
25717
25755
25793
25830
25868
25905
25943
25980
26017
26054
26091
26128
26165
26202
26239
26276
26312
26349
26385
26422
26458
26494
26530
26567
26603
26638
26674
26710
26746
26781
26817
26852
26888
26923
26958
26993
27028
27063
27098
27133
27168
27203
27237
27272
27306
27340
27374
27409
27443
27477
27510
27544
27578
27612
27645
27679
27712
27745
27778
27811
27844
27877
27910
27943
27976
28008
28041
28073
28105
28138
28170
28202
28234
28266
28297
28329
28361
28392
28423
28455
28486
28517
28548
28579
28610
28641
28671
28702
28732
28763
28793
28823
28853
28883
28913
28943
28973
29002
29032
29061
29090
29120
29149
29178
29207
29235
29264
29293
29321
29350
29378
29406
29435
29463
29491
29518
29546
29574
29601
29629
29656
29683
29710
29738
29764
29791
29818
29845
29871
29898
29924
29950
29976
30002
30028
30054
30080
30105
30131
30156
30182
30207
30232
30257
30282
30306
30331
30356
30380
30404
30429
30453
30477
30501
30525
30548
30572
30595
30619
30642
30665
30688
30711
30734
30757
30780
30802
30825
30847
30869
30891
30913
30935
30957
30978
31000
31021
31043
31064
31085
31106
31127
31148
31169
31189
31210
31230
31250
31270
31290
31310
31330
31350
31369
31389
31408
31427
31446
31465
31484
31503
31522
31540
31559
31577
31595
31613
31631
31649
31667
31685
31702
31720
31737
31754
31771
31788
31805
31822
31838
31855
31871
31888
31904
31920
31936
31952
31967
31983
31999
32014
32029
32044
32059
32074
32089
32104
32118
32133
32147
32161
32175
32189
32203
32217
32231
32244
32258
32271
32284
32297
32310
32323
32336
32348
32361
32373
32385
32397
32409
32421
32433
32445
32456
32468
32479
32490
32501
32512
32523
32534
32545
32555
32565
32576
32586
32596
32606
32616
32625
32635
32644
32654
32663
32672
32681
32690
32698
32707
32716
32724
32732
32740
32748
32756
32764
32764
32756
32748
32740
32732
32724
32716
32707
32698
32690
32681
32672
32663
32654
32644
32635
32625
32616
32606
32596
32586
32576
32565
32555
32545
32534
32523
32512
32501
32490
32479
32468
32456
32445
32433
32421
32409
32397
32385
32373
32361
32348
32336
32323
32310
32297
32284
32271
32258
32244
32231
32217
32203
32189
32175
32161
32147
32133
32118
32104
32089
32074
32059
32044
32029
32014
31999
31983
31967
31952
31936
31920
31904
31888
31871
31855
31838
31822
31805
31788
31771
31754
31737
31720
31702
31685
31667
31649
31631
31613
31595
31577
31559
31540
31522
31503
31484
31465
31446
31427
31408
31389
31369
31350
31330
31310
31290
31270
31250
31230
31210
31189
31169
31148
31127
31106
31085
31064
31043
31021
31000
30978
30957
30935
30913
30891
30869
30847
30825
30802
30780
30757
30734
30711
30688
30665
30642
30619
30595
30572
30548
30525
30501
30477
30453
30429
30404
30380
30356
30331
30306
30282
30257
30232
30207
30182
30156
30131
30105
30080
30054
30028
30002
29976
29950
29924
29898
29871
29845
29818
29791
29764
29738
29710
29683
29656
29629
29601
29574
29546
29518
29491
29463
29435
29406
29378
29350
29321
29293
29264
29235
29207
29178
29149
29120
29090
29061
29032
29002
28973
28943
28913
28883
28853
28823
28793
28763
28732
28702
28671
28641
28610
28579
28548
28517
28486
28455
28423
28392
28361
28329
28297
28266
28234
28202
28170
28138
28105
28073
28041
28008
27976
27943
27910
27877
27844
27811
27778
27745
27712
27679
27645
27612
27578
27544
27510
27477
27443
27409
27374
27340
27306
27272
27237
27203
27168
27133
27098
27063
27028
26993
26958
26923
26888
26852
26817
26781
26746
26710
26674
26638
26603
26567
26530
26494
26458
26422
26385
26349
26312
26276
26239
26202
26165
26128
26091
26054
26017
25980
25943
25905
25868
25830
25793
25755
25717
25679
25641
25603
25565
25527
25489
25451
25412
25374
25336
25297
25258
25220
25181
25142
25103
25064
25025
24986
24947
24908
24869
24829
24790
24751
24711
24671
24632
24592
24552
24512
24472
24432
24392
24352
24312
24272
24232
24191
24151
24110
24070
24029
23989
23948
23907
23866
23825
23784
23743
23702
23661
23620
23579
23537
23496
23455
23413
23372
23330
23289
23247
23205
23163
23122
23080
23038
22996
22954
22912
22869
22827
22785
22743
22700
22658
22616
22573
22531
22488
22445
22403
22360
22317
22274
22231
22189
22146
22103
22060
22016
21973
21930
21887
21844
21800
21757
21714
21670
21627
21583
21540
21496
21452
21409
21365
21321
21277
21234
21190
21146
21102
21058
21014
20970
20926
20882
20837
20793
20749
20705
20660
20616
20572
20527
20483
20438
20394
20349
20305
20260
20216
20171
20126
20082
20037
19992
19947
19903
19858
19813
19768
19723
19678
19633
19588
19543
19498
19453
19408
19363
19317
19272
19227
19182
19137
19091
19046
19001
18955
18910
18865
18819
18774
18729
18683
18638
18592
18547
18501
18456
18410
18365
18319
18273
18228
18182
18136
18091
18045
17999
17954
17908
17862
17817
17771
17725
17679
17634
17588
17542
17496
17451
17405
17359
17313
17267
17221
17176
17130
17084
17038
16992
16946
16900
16854
16809
16763
16717
16671
16625
16579
16533
16487
16441
16395
16350
16304
16258
16212
16166
16120
16074
16028
15982
15936
15891
15845
15799
15753
15707
15661
15615
15570
15524
15478
15432
15386
15340
15295
15249
15203
15157
15111
15066
15020
14974
14928
14883
14837
14791
14746
14700
14654
14609
14563
14517
14472
14426
14381
14335
14290
14244
14199
14153
14108
14062
14017
13971
13926
13881
13835
13790
13745
13699
13654
13609
13564
13518
13473
13428
13383
13338
13293
13248
13203
13157
13112
13068
13023
12978
12933
12888
12843
12798
12753
12709
12664
12619
12575
12530
12485
12441
12396
12352
12307
12263
12218
12174
12130
12085
12041
11997
11953
11908
11864
11820
11776
11732
11688
11644
11600
11556
11512
11469
11425
11381
11337
11294
11250
11207
11163
11120
11076
11033
10989
10946
10903
10859
10816
10773
10730
10687
10644
10601
10558
10515
10472
10429
10387
10344
10301
10259
10216
10174
10131
10089
10046
10004
9962
9920
9877
9835
9793
9751
9709
9667
9626
9584
9542
9500
9459
9417
9375
9334
9293
9251
9210
9169
9127
9086
9045
9004
8963
8922
8881
8841
8800
8759
8719
8678
8637
8597
8557
8516
8476
8436
8396
8356
8316
8276
8236
8196
8156
8116
8077
8037
7998
7958
7919
7880
7840
7801
7762
7723
7684
7645
7606
7568
7529
7490
7452
7413
7375
7336
7298
7260
7222
7184
7146
7108
7070
7032
6994
6957
6919
6882
6844
6807
6770
6732
6695
6658
6621
6584
6547
6511
6474
6437
6401
6364
6328
6292
6256
6219
6183
6147
6112
6076
6040
6004
5969
5933
5898
5863
5827
5792
5757
5722
5687
5652
5617
5583
5548
5514
5479
5445
5411
5376
5342
5308
5274
5241
5207
5173
5140
5106
5073
5039
5006
4973
4940
4907
4874
4841
4809
4776
4744
4711
4679
4646
4614
4582
4550
4518
4487
4455
4423
4392
4360
4329
4298
4266
4235
4204
4174
4143
4112
4081
4051
4021
3990
3960
3930
3900
3870
3840
3810
3781
3751
3722
3692
3663
3634
3605
3576
3547
3518
3489
3461
3432
3404
3376
3348
3319
3291
3264
3236
3208
3180
3153
3126
3098
3071
3044
3017
2990
2963
2937
2910
2884
2857
2831
2805
2779
2753
2727
2701
2675
2650
2624
2599
2574
2549
2524
2499
2474
2449
2425
2400
2376
2351
2327
2303
2279
2255
2231
2208
2184
2161
2137
2114
2091
2068
2045
2022
2000
1977
1955
1932
1910
1888
1866
1844
1822
1800
1779
1757
1736
1715
1693
1672
1651
1631
1610
1589
1569
1548
1528
1508
1488
1468
1448
1428
1409
1389
1370
1350
1331
1312
1293
1274
1256
1237
1218
1200
1182
1164
1146
1128
1110
1092
1075
1057
1040
1022
1005
988
971
955
938
921
905
888
872
856
840
824
808
793
777
762
746
731
716
701
686
672
657
642
628
614
600
586
572
558
544
531
517
504
490
477
464
451
439
426
414
401
389
377
365
353
341
329
317
306
295
283
272
261
250
239
229
218
208
197
187
177
167
157
148
138
128
119
110
101
92
83
74
65
57
48
40
32
24
16
8
0
