2
2
2
2
2
2
2
2
2
2
2
2
3
3
3
3
3
3
3
4
4
4
4
4
5
5
5
5
5
6
6
6
7
7
7
7
8
8
8
9
9
10
10
10
11
11
12
12
13
13
14
14
15
15
16
16
17
17
18
18
19
20
20
21
22
22
23
24
24
25
26
27
27
28
29
30
31
31
32
33
34
35
36
37
38
39
40
41
42
43
44
45
46
47
48
50
51
52
53
54
56
57
58
60
61
62
64
65
67
68
69
71
72
74
76
77
79
80
82
84
86
87
89
91
93
95
97
98
100
102
104
106
108
111
113
115
117
119
121
124
126
128
131
133
136
138
140
143
146
148
151
154
156
159
162
165
167
170
173
176
179
182
185
189
192
195
198
201
205
208
212
215
219
222
226
229
233
237
241
244
248
252
256
260
264
268
272
277
281
285
290
294
298
303
308
312
317
322
326
331
336
341
346
351
356
361
367
372
377
383
388
394
399
405
411
416
422
428
434
440
446
453
459
465
471
478
484
491
498
504
511
518
525
532
539
546
553
560
568
575
583
590
598
606
613
621
629
637
645
654
662
670
679
687
696
705
713
722
731
740
749
758
768
777
787
796
806
815
825
835
845
855
865
876
886
896
907
918
928
939
950
961
972
983
995
1006
1018
1029
1041
1053
1065
1077
1089
1101
1114
1126
1138
1151
1164
1177
1190
1203
1216
1229
1243
1256
1270
1284
1297
1311
1325
1340
1354
1368
1383
1397
1412
1427
1442
1457
1472
1488
1503
1519
1534
1550
1566
1582
1599
1615
1631
1648
1665
1681
1698
1715
1733
1750
1767
1785
1803
1820
1838
1856
1875
1893
1912
1930
1949
1968
1987
2006
2025
2045
2064
2084
2104
2124
2144
2164
2185
2205
2226
2247
2268
2289
2310
2331
2353
2374
2396
2418
2440
2463
2485
2507
2530
2553
2576
2599
2622
2646
2669
2693
2717
2741
2765
2790
2814
2839
2864
2888
2914
2939
2964
2990
3016
3041
3067
3094
3120
3147
3173
3200
3227
3254
3281
3309
3337
3364
3392
3420
3449
3477
3506
3534
3563
3592
3622
3651
3681
3710
3740
3770
3801
3831
3862
3892
3923
3954
3986
4017
4049
4080
4112
4144
4177
4209
4242
4274
4307
4341
4374
4407
4441
4475
4509
4543
4577
4612
4646
4681
4716
4751
4787
4822
4858
4894
4930
4966
5002
5039
5076
5113
5150
5187
5224
5262
5300
5338
5376
5414
5453
5491
5530
5569
5609
5648
5688
5727
5767
5807
5848
5888
5929
5969
6010
6052
6093
6134
6176
6218
6260
6302
6344
6387
6430
6473
6516
6559
6602
6646
6690
6734
6778
6822
6867
6911
6956
7001
7047
7092
7137
7183
7229
7275
7321
7368
7414
7461
7508
7555
7602
7650
7698
7745
7793
7841
7890
7938
7987
8036
8085
8134
8183
8233
8282
8332
8382
8432
8483
8533
8584
8635
8686
8737
8788
8840
8891
8943
8995
9047
9100
9152
9205
9258
9311
9364
9417
9471
9524
9578
9632
9686
9740
9795
9849
9904
9959
10014
10069
10124
10180
10235
10291
10347
10403
10459
10516
10572
10629
10686
10743
10800
10857
10914
10972
11030
11088
11146
11204
11262
11320
11379
11438
11496
11555
11614
11674
11733
11792
11852
11912
11972
12032
12092
12152
12213
12273
12334
12394
12455
12516
12578
12639
12700
12762
12823
12885
12947
13009
13071
13133
13196
13258
13321
13383
13446
13509
13572
13635
13698
13761
13825
13888
13952
14016
14079
14143
14207
14271
14336
14400
14464
14529
14593
14658
14723
14788
14853
14918
14983
15048
15113
15178
15244
15309
15375
15441
15506
15572
15638
15704
15770
15836
15902
15968
16035
16101
16167
16234
16300
16367
16434
16500
16567
16634
16701
16768
16835
16902
16969
17036
17103
17170
17237
17305
17372
17439
17507
17574
17642
17709
17777
17844
17912
17979
18047
18115
18182
18250
18318
18386
18453
18521
18589
18657
18725
18792
18860
18928
18996
19064
19132
19199
19267
19335
19403
19471
19539
19607
19674
19742
19810
19878
19945
20013
20081
20149
20216
20284
20352
20419
20487
20555
20622
20690
20757
20824
20892
20959
21027
21094
21161
21228
21295
21362
21430
21497
21563
21630
21697
21764
21831
21897
21964
22031
22097
22163
22230
22296
22362
22428
22494
22560
22626
22692
22758
22823
22889
22954
23020
23085
23150
23215
23281
23345
23410
23475
23540
23604
23669
23733
23797
23861
23925
23989
24053
24117
24180
24244
24307
24370
24433
24496
24559
24622
24684
24746
24809
24871
24933
24995
25057
25118
25180
25241
25302
25363
25424
25485
25545
25606
25666
25726
25786
25846
25905
25965
26024
26083
26142
26201
26260
26318
26376
26435
26492
26550
26608
26665
26722
26779
26836
26893
26949
27006
27062
27117
27173
27229
27284
27339
27394
27449
27503
27557
27611
27665
27719
27772
27826
27879
27931
27984
28036
28088
28140
28192
28243
28295
28346
28396
28447
28497
28547
28597
28647
28696
28745
28794
28843
28891
28939
28987
29035
29082
29129
29176
29223
29269
29316
29361
29407
29452
29498
29542
29587
29631
29675
29719
29763
29806
29849
29892
29934
29976
30018
30060
30101
30142
30183
30223
30264
30304
30343
30383
30422
30460
30499
30537
30575
30613
30650
30687
30724
30760
30796
30832
30868
30903
30938
30972
31007
31041
31074
31108
31141
31174
31206
31238
31270
31302
31333
31364
31394
31425
31455
31484
31514
31543
31571
31600
31628
31655
31683
31710
31737
31763
31789
31815
31840
31865
31890
31915
31939
31962
31986
32009
32032
32054
32076
32098
32119
32140
32161
32182
32202
32221
32241
32260
32278
32297
32315
32332
32350
32367
32383
32400
32416
32431
32446
32461
32476
32490
32504
32517
32531
32543
32556
32568
32580
32591
32602
32613
32623
32633
32643
32652
32661
32669
32678
32685
32693
32700
32707
32713
32719
32725
32730
32735
32740
32744
32748
32752
32755
32758
32760
32763
32764
32766
32767
32768
32768
32768
32768
32767
32766
32764
32763
32760
32758
32755
32752
32748
32744
32740
32735
32730
32725
32719
32713
32707
32700
32693
32685
32678
32669
32661
32652
32643
32633
32623
32613
32602
32591
32580
32568
32556
32543
32531
32517
32504
32490
32476
32461
32446
32431
32416
32400
32383
32367
32350
32332
32315
32297
32278
32260
32241
32221
32202
32182
32161
32140
32119
32098
32076
32054
32032
32009
31986
31962
31939
31915
31890
31865
31840
31815
31789
31763
31737
31710
31683
31655
31628
31600
31571
31543
31514
31484
31455
31425
31394
31364
31333
31302
31270
31238
31206
31174
31141
31108
31074
31041
31007
30972
30938
30903
30868
30832
30796
30760
30724
30687
30650
30613
30575
30537
30499
30460
30422
30383
30343
30304
30264
30223
30183
30142
30101
30060
30018
29976
29934
29892
29849
29806
29763
29719
29675
29631
29587
29542
29498
29452
29407
29361
29316
29269
29223
29176
29129
29082
29035
28987
28939
28891
28843
28794
28745
28696
28647
28597
28547
28497
28447
28396
28346
28295
28243
28192
28140
28088
28036
27984
27931
27879
27826
27772
27719
27665
27611
27557
27503
27449
27394
27339
27284
27229
27173
27117
27062
27006
26949
26893
26836
26779
26722
26665
26608
26550
26492
26435
26376
26318
26260
26201
26142
26083
26024
25965
25905
25846
25786
25726
25666
25606
25545
25485
25424
25363
25302
25241
25180
25118
25057
24995
24933
24871
24809
24746
24684
24622
24559
24496
24433
24370
24307
24244
24180
24117
24053
23989
23925
23861
23797
23733
23669
23604
23540
23475
23410
23345
23281
23215
23150
23085
23020
22954
22889
22823
22758
22692
22626
22560
22494
22428
22362
22296
22230
22163
22097
22031
21964
21897
21831
21764
21697
21630
21563
21497
21430
21362
21295
21228
21161
21094
21027
20959
20892
20824
20757
20690
20622
20555
20487
20419
20352
20284
20216
20149
20081
20013
19945
19878
19810
19742
19674
19607
19539
19471
19403
19335
19267
19199
19132
19064
18996
18928
18860
18792
18725
18657
18589
18521
18453
18386
18318
18250
18182
18115
18047
17979
17912
17844
17777
17709
17642
17574
17507
17439
17372
17305
17237
17170
17103
17036
16969
16902
16835
16768
16701
16634
16567
16500
16434
16367
16300
16234
16167
16101
16035
15968
15902
15836
15770
15704
15638
15572
15506
15441
15375
15309
15244
15178
15113
15048
14983
14918
14853
14788
14723
14658
14593
14529
14464
14400
14336
14271
14207
14143
14079
14016
13952
13888
13825
13761
13698
13635
13572
13509
13446
13383
13321
13258
13196
13133
13071
13009
12947
12885
12823
12762
12700
12639
12578
12516
12455
12394
12334
12273
12213
12152
12092
12032
11972
11912
11852
11792
11733
11674
11614
11555
11496
11438
11379
11320
11262
11204
11146
11088
11030
10972
10914
10857
10800
10743
10686
10629
10572
10516
10459
10403
10347
10291
10235
10180
10124
10069
10014
9959
9904
9849
9795
9740
9686
9632
9578
9524
9471
9417
9364
9311
9258
9205
9152
9100
9047
8995
8943
8891
8840
8788
8737
8686
8635
8584
8533
8483
8432
8382
8332
8282
8233
8183
8134
8085
8036
7987
7938
7890
7841
7793
7745
7698
7650
7602
7555
7508
7461
7414
7368
7321
7275
7229
7183
7137
7092
7047
7001
6956
6911
6867
6822
6778
6734
6690
6646
6602
6559
6516
6473
6430
6387
6344
6302
6260
6218
6176
6134
6093
6052
6010
5969
5929
5888
5848
5807
5767
5727
5688
5648
5609
5569
5530
5491
5453
5414
5376
5338
5300
5262
5224
5187
5150
5113
5076
5039
5002
4966
4930
4894
4858
4822
4787
4751
4716
4681
4646
4612
4577
4543
4509
4475
4441
4407
4374
4341
4307
4274
4242
4209
4177
4144
4112
4080
4049
4017
3986
3954
3923
3892
3862
3831
3801
3770
3740
3710
3681
3651
3622
3592
3563
3534
3506
3477
3449
3420
3392
3364
3337
3309
3281
3254
3227
3200
3173
3147
3120
3094
3067
3041
3016
2990
2964
2939
2914
2888
2864
2839
2814
2790
2765
2741
2717
2693
2669
2646
2622
2599
2576
2553
2530
2507
2485
2463
2440
2418
2396
2374
2353
2331
2310
2289
2268
2247
2226
2205
2185
2164
2144
2124
2104
2084
2064
2045
2025
2006
1987
1968
1949
1930
1912
1893
1875
1856
1838
1820
1803
1785
1767
1750
1733
1715
1698
1681
1665
1648
1631
1615
1599
1582
1566
1550
1534
1519
1503
1488
1472
1457
1442
1427
1412
1397
1383
1368
1354
1340
1325
1311
1297
1284
1270
1256
1243
1229
1216
1203
1190
1177
1164
1151
1138
1126
1114
1101
1089
1077
1065
1053
1041
1029
1018
1006
995
983
972
961
950
939
928
918
907
896
886
876
865
855
845
835
825
815
806
796
787
777
768
758
749
740
731
722
713
705
696
687
679
670
662
654
645
637
629
621
613
606
598
590
583
575
568
560
553
546
539
532
525
518
511
504
498
491
484
478
471
465
459
453
446
440
434
428
422
416
411
405
399
394
388
383
377
372
367
361
356
351
346
341
336
331
326
322
317
312
308
303
298
294
290
285
281
277
272
268
264
260
256
252
248
244
241
237
233
229
226
222
219
215
212
208
205
201
198
195
192
189
185
182
179
176
173
170
167
165
162
159
156
154
151
148
146
143
140
138
136
133
131
128
126
124
121
119
117
115
113
111
108
106
104
102
100
98
97
95
93
91
89
87
86
84
82
80
79
77
76
74
72
71
69
68
67
65
64
62
61
60
58
57
56
54
53
52
51
50
48
47
46
45
44
43
42
41
40
39
38
37
36
35
34
33
32
31
31
30
29
28
27
27
26
25
24
24
23
22
22
21
20
20
19
18
18
17
17
16
16
15
15
14
14
13
13
12
12
11
11
10
10
10
9
9
8
8
8
7
7
7
7
6
6
6
5
5
5
5
5
4
4
4
4
4
3
3
3
3
3
3
3
2
2
2
2
2
2
2
2
2
2
2
2
