3
3
3
3
3
3
3
3
3
3
4
4
4
4
4
4
5
5
5
5
5
6
6
6
7
7
7
8
8
8
9
9
9
10
10
11
11
12
12
13
14
14
15
15
16
17
17
18
19
20
20
21
22
23
24
25
26
27
28
29
30
31
32
33
34
35
37
38
39
40
42
43
45
46
48
49
51
52
54
56
58
59
61
63
65
67
69
71
73
75
78
80
82
85
87
89
92
95
97
100
103
105
108
111
114
117
120
124
127
130
134
137
141
144
148
152
155
159
163
167
171
176
180
184
189
193
198
202
207
212
217
222
227
232
237
243
248
254
260
265
271
277
283
289
296
302
309
315
322
329
335
342
350
357
364
372
379
387
395
403
411
419
427
435
444
453
461
470
479
488
498
507
517
526
536
546
556
566
577
587
598
609
620
631
642
653
665
676
688
700
712
724
737
749
762
774
787
801
814
827
841
855
868
883
897
911
926
940
955
970
985
1001
1016
1032
1048
1064
1080
1096
1113
1129
1146
1163
1180
1198
1215
1233
1251
1269
1287
1305
1324
1342
1361
1380
1399
1419
1438
1458
1478
1498
1518
1539
1559
1580
1601
1622
1643
1665
1686
1708
1730
1752
1774
1797
1819
1842
1865
1888
1912
1935
1959
1983
2007
2031
2055
2079
2104
2129
2154
2179
2204
2230
2255
2281
2307
2333
2359
2386
2412
2439
2466
2493
2520
2547
2575
2602
2630
2658
2686
2714
2742
2771
2799
2828
2857
2886
2915
2944
2974
3003
3033
3063
3093
3123
3153
3183
3214
3244
3275
3305
3336
3367
3398
3429
3461
3492
3523
3555
3587
3618
3650
3682
3714
3746
3778
3811
3843
3875
3908
3940
3973
4006
4038
4071
4104
4137
4170
4203
4236
4269
4302
4335
4369
4402
4435
4469
4502
4535
4569
4602
4636
4669
4703
4736
4770
4803
4837
4870
4904
4937
4970
5004
5037
5071
5104
5138
5171
5204
5237
5271
5304
5337
5370
5403
5436
5469
5502
5535
5568
5600
5633
5665
5698
5730
5763
5795
5827
5859
5891
5923
5954
5986
6018
6049
6080
6111
6142
6173
6204
6235
6265
6296
6326
6356
6386
6416
6445
6475
6504
6534
6563
6591
6620
6649
6677
6705
6733
6761
6788
6816
6843
6870
6897
6923
6950
6976
7002
7028
7053
7079
7104
7129
7153
7178
7202
7226
7249
7273
7296
7319
7342
7364
7387
7409
7430
7452
7473
7494
7514
7535
7555
7575
7594
7613
7632
7651
7670
7688
7705
7723
7740
7757
7774
7790
7806
7822
7837
7852
7867
7882
7896
7910
7923
7937
7950
7962
7974
7986
7998
8009
8020
8031
8041
8051
8061
8070
8079
8088
8096
8104
8112
8119
8126
8132
8139
8145
8150
8155
8160
8165
8169
8173
8176
8179
8182
8185
8187
8188
8190
8191
8192
8192
8192
8192
8191
8190
8188
8187
8185
8182
8179
8176
8173
8169
8165
8160
8155
8150
8145
8139
8132
8126
8119
8112
8104
8096
8088
8079
8070
8061
8051
8041
8031
8020
8009
7998
7986
7974
7962
7950
7937
7923
7910
7896
7882
7867
7852
7837
7822
7806
7790
7774
7757
7740
7723
7705
7688
7670
7651
7632
7613
7594
7575
7555
7535
7514
7494
7473
7452
7430
7409
7387
7364
7342
7319
7296
7273
7249
7226
7202
7178
7153
7129
7104
7079
7053
7028
7002
6976
6950
6923
6897
6870
6843
6816
6788
6761
6733
6705
6677
6649
6620
6591
6563
6534
6504
6475
6445
6416
6386
6356
6326
6296
6265
6235
6204
6173
6142
6111
6080
6049
6018
5986
5954
5923
5891
5859
5827
5795
5763
5730
5698
5665
5633
5600
5568
5535
5502
5469
5436
5403
5370
5337
5304
5271
5237
5204
5171
5138
5104
5071
5037
5004
4970
4937
4904
4870
4837
4803
4770
4736
4703
4669
4636
4602
4569
4535
4502
4469
4435
4402
4369
4335
4302
4269
4236
4203
4170
4137
4104
4071
4038
4006
3973
3940
3908
3875
3843
3811
3778
3746
3714
3682
3650
3618
3587
3555
3523
3492
3461
3429
3398
3367
3336
3305
3275
3244
3214
3183
3153
3123
3093
3063
3033
3003
2974
2944
2915
2886
2857
2828
2799
2771
2742
2714
2686
2658
2630
2602
2575
2547
2520
2493
2466
2439
2412
2386
2359
2333
2307
2281
2255
2230
2204
2179
2154
2129
2104
2079
2055
2031
2007
1983
1959
1935
1912
1888
1865
1842
1819
1797
1774
1752
1730
1708
1686
1665
1643
1622
1601
1580
1559
1539
1518
1498
1478
1458
1438
1419
1399
1380
1361
1342
1324
1305
1287
1269
1251
1233
1215
1198
1180
1163
1146
1129
1113
1096
1080
1064
1048
1032
1016
1001
985
970
955
940
926
911
897
883
868
855
841
827
814
801
787
774
762
749
737
724
712
700
688
676
665
653
642
631
620
609
598
587
577
566
556
546
536
526
517
507
498
488
479
470
461
453
444
435
427
419
411
403
395
387
379
372
364
357
350
342
335
329
322
315
309
302
296
289
283
277
271
265
260
254
248
243
237
232
227
222
217
212
207
202
198
193
189
184
180
176
171
167
163
159
155
152
148
144
141
137
134
130
127
124
120
117
114
111
108
105
103
100
97
95
92
89
87
85
82
80
78
75
73
71
69
67
65
63
61
59
58
56
54
52
51
49
48
46
45
43
42
40
39
38
37
35
34
33
32
31
30
29
28
27
26
25
24
23
22
21
20
20
19
18
17
17
16
15
15
14
14
13
12
12
11
11
10
10
9
9
9
8
8
8
7
7
7
6
6
6
5
5
5
5
5
4
4
4
4
4
4
3
3
3
3
3
3
3
3
3
3
