0
0
0
0
0
0
0
0
0
0
0
0
0
0
0
0
0
0
0
0
0
0
0
0
0
0
0
0
0
0
0
0
0
0
0
0
0
0
0
0
0
0
0
0
0
0
0
0
0
0
0
0
0
0
0
0
0
0
0
0
0
0
0
0
0
0
0
0
0
0
0
0
0
0
0
0
0
0
0
0
0
0
0
0
0
0
0
0
0
0
0
0
0
0
0
0
0
0
0
0
0
0
0
0
0
0
0
0
0
0
0
0
0
0
0
0
0
0
0
0
0
0
0
0
0
0
0
0
0
0
0
0
0
0
0
0
0
0
0
0
0
0
0
0
0
0
0
0
0
0
0
0
0
0
0
0
0
0
0
0
0
0
0
0
0
0
0
0
0
0
0
0
0
0
0
0
0
0
0
0
0
0
0
0
0
0
0
0
0
0
0
0
0
0
0
0
0
0
0
0
0
0
0
0
0
0
0
0
0
0
0
0
0
0
0
0
0
1
1
1
1
1
1
1
1
1
1
1
1
1
1
1
1
1
1
1
1
1
1
1
1
1
1
1
1
1
1
1
1
1
1
1
1
1
1
1
1
1
1
1
1
1
1
1
1
1
1
1
1
1
1
1
1
1
1
1
1
1
1
1
1
1
1
1
1
1
1
1
1
1
1
1
1
1
1
1
1
1
1
1
1
1
1
1
1
1
1
1
1
1
1
1
1
2
2
2
2
2
2
2
2
2
2
2
2
2
2
2
2
2
2
2
2
2
2
2
2
2
2
2
2
2
2
2
2
2
2
2
2
2
2
2
2
2
2
2
2
2
2
2
2
2
2
2
2
2
2
2
2
2
2
2
3
3
3
3
3
3
3
3
3
3
3
3
3
3
3
3
3
3
3
3
3
3
3
3
3
3
3
3
3
3
3
3
3
3
3
3
3
3
3
3
3
3
3
3
4
4
4
4
4
4
4
4
4
4
4
4
4
4
4
4
4
4
4
4
4
4
4
4
4
4
4
4
4
4
4
4
4
4
4
4
5
5
5
5
5
5
5
5
5
5
5
5
5
5
5
5
5
5
5
5
5
5
5
5
5
5
5
5
5
5
5
6
6
6
6
6
6
6
6
6
6
6
6
6
6
6
6
6
6
6
6
6
6
6
6
6
6
6
6
7
7
7
7
7
7
7
7
7
7
7
7
7
7
7
7
7
7
7
7
7
7
7
7
7
8
8
8
8
8
8
8
8
8
8
8
8
8
8
8
8
8
8
8
8
8
8
8
9
9
9
9
9
9
9
9
9
9
9
9
9
9
9
9
9
9
9
9
9
10
10
10
10
10
10
10
10
10
10
10
10
10
10
10
10
10
10
10
10
11
11
11
11
11
11
11
11
11
11
11
11
11
11
11
11
11
11
12
12
12
12
12
12
12
12
12
12
12
12
12
12
12
12
12
12
13
13
13
13
13
13
13
13
13
13
13
13
13
13
13
13
14
14
14
14
14
14
14
14
14
14
14
14
14
14
14
14
15
15
15
15
15
15
15
15
15
15
15
15
15
15
15
16
16
16
16
16
16
16
16
16
16
16
16
16
16
16
17
17
17
17
17
17
17
17
17
17
17
17
17
17
18
18
18
18
18
18
18
18
18
18
18
18
18
19
19
19
19
19
19
19
19
19
19
19
19
19
20
20
20
20
20
20
20
20
20
20
20
20
21
21
21
21
21
21
21
21
21
21
21
21
22
22
22
22
22
22
22
22
22
22
22
22
23
23
23
23
23
23
23
23
23
23
23
24
24
24
24
24
24
24
24
24
24
24
24
25
25
25
25
25
25
25
25
25
25
26
26
26
26
26
26
26
26
26
26
26
27
27
27
27
27
27
27
27
27
27
28
28
28
28
28
28
28
28
28
28
29
29
29
29
29
29
29
29
29
29
30
30
30
30
30
30
30
30
30
31
31
31
31
31
31
31
31
31
31
32
32
32
32
32
32
32
32
32
33
33
33
33
33
33
33
33
33
34
34
34
34
34
34
34
34
35
35
35
35
35
35
35
35
35
36
36
36
36
36
36
36
36
37
37
37
37
37
37
37
37
37
38
38
38
38
38
38
38
38
39
39
39
39
39
39
39
39
40
40
40
40
40
40
40
40
41
41
41
41
41
41
41
41
42
42
42
42
42
42
42
43
43
43
43
43
43
43
43
44
44
44
44
44
44
44
45
45
45
45
45
45
45
45
46
46
46
46
46
46
46
47
47
47
47
47
47
47
48
48
48
48
48
48
48
49
49
49
49
49
49
49
50
50
50
50
50
50
50
51
51
51
51
51
51
52
52
52
52
52
52
52
53
53
53
53
53
53
54
54
54
54
54
54
54
55
55
55
55
55
55
56
56
56
56
56
56
56
57
57
57
57
57
57
58
58
58
58
58
58
59
59
59
59
59
59
60
60
60
60
60
60
61
61
61
61
61
61
62
62
62
62
62
62
63
63
63
63
63
63
64
64
64
64
64
64
65
65
65
65
65
65
66
66
66
66
66
67
67
67
67
67
67
68
68
68
68
68
69
69
69
69
69
69
70
70
70
70
70
71
71
71
71
71
71
72
72
72
72
72
73
73
73
73
73
74
74
74
74
74
74
75
75
75
75
75
76
76
76
76
76
77
77
77
77
77
78
78
78
78
78
79
79
79
79
79
80
80
80
80
80
81
81
81
81
81
82
82
82
82
82
83
83
83
83
83
84
84
84
84
84
85
85
85
85
85
86
86
86
86
86
87
87
87
87
88
88
88
88
88
89
89
89
89
89
90
90
90
90
91
91
91
91
91
92
92
92
92
92
93
93
93
93
94
94
94
94
94
95
95
95
95
96
96
96
96
96
97
97
97
97
98
98
98
98
99
99
99
99
99
100
100
100
100
101
101
101
101
102
102
102
102
102
103
103
103
103
104
104
104
104
105
105
105
105
106
106
106
106
107
107
107
107
107
108
108
108
108
109
109
109
109
110
110
110
110
111
111
111
111
112
112
112
112
113
113
113
113
114
114
114
114
115
115
115
115
116
116
116
116
117
117
117
117
118
118
118
118
119
119
119
119
120
120
120
121
121
121
121
122
122
122
122
123
123
123
123
124
124
124
124
125
125
125
126
126
126
126
127
127
127
127
128
128
128
129
129
129
129
130
130
130
130
131
131
131
132
132
132
132
133
133
133
133
134
134
134
135
135
135
135
136
136
136
137
137
137
137
138
138
138
139
139
139
139
140
140
140
141
141
141
141
142
142
142
143
143
143
143
144
144
144
145
145
145
145
146
146
146
147
147
147
148
148
148
148
149
149
149
150
150
150
151
151
151
151
152
152
152
153
153
153
154
154
154
154
155
155
155
156
156
156
157
157
157
158
158
158
159
159
159
159
160
160
160
161
161
161
162
162
162
163
163
163
164
164
164
164
165
165
165
166
166
166
167
167
167
168
168
168
169
169
169
170
170
170
171
171
171
172
172
172
173
173
173
174
174
174
175
175
175
176
176
176
177
177
177
178
178
178
179
179
179
180
180
180
181
181
181
182
182
182
183
183
183
184
184
184
185
185
185
186
186
186
187
187
187
188
188
188
189
189
190
190
190
191
191
191
192
192
192
193
193
193
194
194
194
195
195
196
196
196
197
197
197
198
198
198
199
199
199
200
200
201
201
201
202
202
202
203
203
203
204
204
205
205
205
206
206
206
207
207
207
208
208
209
209
209
210
210
210
211
211
212
212
212
213
213
213
214
214
215
215
215
216
216
216
217
217
218
218
218
219
219
220
220
220
221
221
221
222
222
223
223
223
224
224
225
225
225
226
226
226
227
227
228
228
228
229
229
230
230
230
231
231
232
232
232
233
233
234
234
234
235
235
236
236
236
237
237
238
238
238
239
239
240
240
240
241
241
242
242
242
243
243
244
244
245
245
245
246
246
247
247
247
248
248
249
249
249
250
250
251
251
252
252
252
253
253
254
254
254
255
255
256
256
257
257
257
258
258
259
259
260
260
260
261
261
262
262
263
263
263
264
264
265
265
266
266
266
267
267
268
268
269
269
269
270
270
271
271
272
272
273
273
273
274
274
275
275
276
276
277
277
277
278
278
279
279
280
280
281
281
281
282
282
283
283
284
284
285
285
285
286
286
287
287
288
288
289
289
290
290
291
291
291
292
292
293
293
294
294
295
295
296
296
296
297
297
298
298
299
299
300
300
301
301
302
302
303
303
303
304
304
305
305
306
306
307
307
308
308
309
309
310
310
311
311
312
312
313
313
313
314
314
315
315
316
316
317
317
318
318
319
319
320
320
321
321
322
322
323
323
324
324
325
325
326
326
327
327
328
328
329
329
330
330
331
331
332
332
333
333
334
334
335
335
336
336
337
337
338
338
339
339
340
340
341
341
342
342
343
343
344
344
345
345
346
346
347
347
348
348
349
349
350
350
351
351
352
352
353
353
354
354
355
355
356
356
357
358
358
359
359
360
360
361
361
362
362
363
363
364
364
365
365
366
366
367
368
368
369
369
370
370
371
371
372
372
373
373
374
374
375
376
376
377
377
378
378
379
379
380
380
381
381
382
383
383
384
384
385
385
386
386
387
387
388
389
389
390
390
391
391
392
392
393
394
394
395
395
396
396
397
397
398
399
399
400
400
401
401
402
402
403
404
404
405
405
406
406
407
408
408
409
409
410
410
411
412
412
413
413
414
414
415
416
416
417
417
418
418
419
420
420
421
421
422
422
423
424
424
425
425
426
426
427
428
428
429
429
430
431
431
432
432
433
433
434
435
435
436
436
437
438
438
439
439
440
441
441
442
442
443
444
444
445
445
446
447
447
448
448
449
450
450
451
451
452
453
453
454
454
455
456
456
457
457
458
459
459
460
460
461
462
462
463
463
464
465
465
466
467
467
468
468
469
470
470
471
471
472
473
473
474
475
475
476
476
477
478
478
479
480
480
481
481
482
483
483
484
485
485
486
486
487
488
488
489
490
490
491
492
492
493
493
494
495
495
496
497
497
498
499
499
500
500
501
502
502
503
504
504
505
506
506
507
508
508
509
510
510
511
511
512
513
513
514
515
515
516
517
517
518
519
519
520
521
521
522
523
523
524
525
525
526
527
527
528
529
529
530
531
531
532
533
533
534
535
535
536
537
537
538
539
539
540
541
541
542
543
543
544
545
545
546
547
547
548
549
549
550
551
551
552
553
553
554
555
556
556
557
558
558
559
560
560
561
562
562
563
564
564
565
566
567
567
568
569
569
570
571
571
572
573
573
574
575
576
576
577
578
578
579
580
580
581
582
583
583
584
585
585
586
587
588
588
589
590
590
591
592
592
593
594
595
595
596
597
597
598
599
600
600
601
602
603
603
604
605
605
606
607
608
608
609
610
610
611
612
613
613
614
615
616
616
617
618
618
619
620
621
621
622
623
624
624
625
626
627
627
628
629
629
630
631
632
632
633
634
635
635
636
637
638
638
639
640
641
641
642
643
644
644
645
646
647
647
648
649
650
650
651
652
653
653
654
655
656
656
657
658
659
659
660
661
662
662
663
664
665
665
666
667
668
669
669
670
671
672
672
673
674
675
675
676
677
678
679
679
680
681
682
682
683
684
685
685
686
687
688
689
689
690
691
692
692
693
694
695
696
696
697
698
699
700
700
701
702
703
703
704
705
706
707
707
708
709
710
711
711
712
713
714
715
715
716
717
718
719
719
720
721
722
723
723
724
725
726
727
727
728
729
730
731
731
732
733
734
735
735
736
737
738
739
739
740
741
742
743
744
744
745
746
747
748
748
749
750
751
752
753
753
754
755
756
757
757
758
759
760
761
762
762
763
764
765
766
767
767
768
769
770
771
772
772
773
774
775
776
777
777
778
779
780
781
782
782
783
784
785
786
787
787
788
789
790
791
792
793
793
794
795
796
797
798
798
799
800
801
802
803
804
804
805
806
807
808
809
810
810
811
812
813
814
815
816
816
817
818
819
820
821
822
822
823
824
825
826
827
828
829
829
830
831
832
833
834
835
836
836
837
838
839
840
841
842
843
843
844
845
846
847
848
849
850
850
851
852
853
854
855
856
857
858
858
859
860
861
862
863
864
865
865
866
867
868
869
870
871
872
873
874
874
875
876
877
878
879
880
881
882
883
883
884
885
886
887
888
889
890
891
892
892
893
894
895
896
897
898
899
900
901
902
902
903
904
905
906
907
908
909
910
911
912
913
913
914
915
916
917
918
919
920
921
922
923
924
925
925
926
927
928
929
930
931
932
933
934
935
936
937
938
938
939
940
941
942
943
944
945
946
947
948
949
950
951
952
953
953
954
955
956
957
958
959
960
961
962
963
964
965
966
967
968
969
970
970
971
972
973
974
975
976
977
978
979
980
981
982
983
984
985
986
987
988
989
990
991
992
993
993
994
995
996
997
998
999
1000
1001
1002
1003
1004
1005
1006
1007
1008
1009
1010
1011
1012
1013
1014
1015
1016
1017
1018
1019
1020
1021
1022
1023
1024
1025
1026
1027
1028
1029
1030
1031
1032
1032
1033
1034
1035
1036
1037
1038
1039
1040
1041
1042
1043
1044
1045
1046
1047
1048
1049
1050
1051
1052
1053
1054
1055
1056
1057
1058
1059
1060
1061
1062
1063
1064
1065
1066
1067
1068
1069
1070
1071
1072
1073
1074
1075
1076
1077
1078
1079
1080
1081
1082
1083
1084
1085
1086
1088
1089
1090
1091
1092
1093
1094
1095
1096
1097
1098
1099
1100
1101
1102
1103
1104
1105
1106
1107
1108
1109
1110
1111
1112
1113
1114
1115
1116
1117
1118
1119
1120
1121
1122
1123
1124
1125
1126
1127
1129
1130
1131
1132
1133
1134
1135
1136
1137
1138
1139
1140
1141
1142
1143
1144
1145
1146
1147
1148
1149
1150
1151
1152
1154
1155
1156
1157
1158
1159
1160
1161
1162
1163
1164
1165
1166
1167
1168
1169
1170
1171
1173
1174
1175
1176
1177
1178
1179
1180
1181
1182
1183
1184
1185
1186
1187
1188
1190
1191
1192
1193
1194
1195
1196
1197
1198
1199
1200
1201
1202
1203
1205
1206
1207
1208
1209
1210
1211
1212
1213
1214
1215
1216
1217
1219
1220
1221
1222
1223
1224
1225
1226
1227
1228
1229
1230
1232
1233
1234
1235
1236
1237
1238
1239
1240
1241
1242
1244
1245
1246
1247
1248
1249
1250
1251
1252
1253
1254
1256
1257
1258
1259
1260
1261
1262
1263
1264
1265
1267
1268
1269
1270
1271
1272
1273
1274
1275
1277
1278
1279
1280
1281
1282
1283
1284
1285
1287
1288
1289
1290
1291
1292
1293
1294
1295
1297
1298
1299
1300
1301
1302
1303
1304
1306
1307
1308
1309
1310
1311
1312
1313
1315
1316
1317
1318
1319
1320
1321
1322
1324
1325
1326
1327
1328
1329
1330
1332
1333
1334
1335
1336
1337
1338
1339
1341
1342
1343
1344
1345
1346
1347
1349
1350
1351
1352
1353
1354
1355
1357
1358
1359
1360
1361
1362
1364
1365
1366
1367
1368
1369
1370
1372
1373
1374
1375
1376
1377
1378
1380
1381
1382
1383
1384
1385
1387
1388
1389
1390
1391
1392
1394
1395
1396
1397
1398
1399
1401
1402
1403
1404
1405
1406
1408
1409
1410
1411
1412
1413
1415
1416
1417
1418
1419
1420
1422
1423
1424
1425
1426
1428
1429
1430
1431
1432
1433
1435
1436
1437
1438
1439
1441
1442
1443
1444
1445
1446
1448
1449
1450
1451
1452
1454
1455
1456
1457
1458
1460
1461
1462
1463
1464
1465
1467
1468
1469
1470
1471
1473
1474
1475
1476
1477
1479
1480
1481
1482
1483
1485
1486
1487
1488
1489
1491
1492
1493
1494
1495
1497
1498
1499
1500
1502
1503
1504
1505
1506
1508
1509
1510
1511
1512
1514
1515
1516
1517
1519
1520
1521
1522
1523
1525
1526
1527
1528
1529
1531
1532
1533
1534
1536
1537
1538
1539
1541
1542
1543
1544
1545
1547
1548
1549
1550
1552
1553
1554
1555
1556
1558
1559
1560
1561
1563
1564
1565
1566
1568
1569
1570
1571
1573
1574
1575
1576
1578
1579
1580
1581
1582
1584
1585
1586
1587
1589
1590
1591
1592
1594
1595
1596
1597
1599
1600
1601
1602
1604
1605
1606
1607
1609
1610
1611
1612
1614
1615
1616
1617
1619
1620
1621
1623
1624
1625
1626
1628
1629
1630
1631
1633
1634
1635
1636
1638
1639
1640
1641
1643
1644
1645
1647
1648
1649
1650
1652
1653
1654
1655
1657
1658
1659
1661
1662
1663
1664
1666
1667
1668
1669
1671
1672
1673
1675
1676
1677
1678
1680
1681
1682
1684
1685
1686
1687
1689
1690
1691
1693
1694
1695
1696
1698
1699
1700
1702
1703
1704
1705
1707
1708
1709
1711
1712
1713
1714
1716
1717
1718
1720
1721
1722
1724
1725
1726
1727
1729
1730
1731
1733
1734
1735
1737
1738
1739
1741
1742
1743
1744
1746
1747
1748
1750
1751
1752
1754
1755
1756
1758
1759
1760
1761
1763
1764
1765
1767
1768
1769
1771
1772
1773
1775
1776
1777
1779
1780
1781
1783
1784
1785
1786
1788
1789
1790
1792
1793
1794
1796
1797
1798
1800
1801
1802
1804
1805
1806
1808
1809
1810
1812
1813
1814
1816
1817
1818
1820
1821
1822
1824
1825
1826
1828
1829
1830
1832
1833
1834
1836
1837
1838
1840
1841
1842
1844
1845
1846
1848
1849
1851
1852
1853
1855
1856
1857
1859
1860
1861
1863
1864
1865
1867
1868
1869
1871
1872
1873
1875
1876
1878
1879
1880
1882
1883
1884
1886
1887
1888
1890
1891
1892
1894
1895
1897
1898
1899
1901
1902
1903
1905
1906
1907
1909
1910
1912
1913
1914
1916
1917
1918
1920
1921
1922
1924
1925
1927
1928
1929
1931
1932
1933
1935
1936
1938
1939
1940
1942
1943
1944
1946
1947
1949
1950
1951
1953
1954
1956
1957
1958
1960
1961
1962
1964
1965
1967
1968
1969
1971
1972
1974
1975
1976
1978
1979
1980
1982
1983
1985
1986
1987
1989
1990
1992
1993
1994
1996
1997
1999
2000
2001
2003
2004
2006
2007
2008
2010
2011
2013
2014
2015
2017
2018
2020
2021
2022
2024
2025
2027
2028
2029
2031
2032
2034
2035
2036
2038
2039
2041
2042
2043
2045
2046
2048
2049
2051
2052
2053
2055
2056
2058
2059
2060
2062
2063
2065
2066
2068
2069
2070
2072
2073
2075
2076
2077
2079
2080
2082
2083
2085
2086
2087
2089
2090
2092
2093
2095
2096
2097
2099
2100
2102
2103
2105
2106
2107
2109
2110
2112
2113
2115
2116
2117
2119
2120
2122
2123
2125
2126
2128
2129
2130
2132
2133
2135
2136
2138
2139
2140
2142
2143
2145
2146
2148
2149
2151
2152
2153
2155
2156
2158
2159
2161
2162
2164
2165
2167
2168
2169
2171
2172
2174
2175
2177
2178
2180
2181
2182
2184
2185
2187
2188
2190
2191
2193
2194
2196
2197
2199
2200
2201
2203
2204
2206
2207
2209
2210
2212
2213
2215
2216
2218
2219
2220
2222
2223
2225
2226
2228
2229
2231
2232
2234
2235
2237
2238
2240
2241
2243
2244
2245
2247
2248
2250
2251
2253
2254
2256
2257
2259
2260
2262
2263
2265
2266
2268
2269
2271
2272
2274
2275
2276
2278
2279
2281
2282
2284
2285
2287
2288
2290
2291
2293
2294
2296
2297
2299
2300
2302
2303
2305
2306
2308
2309
2311
2312
2314
2315
2317
2318
2320
2321
2323
2324
2326
2327
2329
2330
2332
2333
2335
2336
2338
2339
2341
2342
2344
2345
2347
2348
2350
2351
2353
2354
2356
2357
2359
2360
2362
2363
2365
2366
2368
2369
2371
2372
2374
2375
2377
2378
2380
2381
2383
2384
2386
2387
2389
2390
2392
2393
2395
2396
2398
2399
2401
2403
2404
2406
2407
2409
2410
2412
2413
2415
2416
2418
2419
2421
2422
2424
2425
2427
2428
2430
2431
2433
2434
2436
2438
2439
2441
2442
2444
2445
2447
2448
2450
2451
2453
2454
2456
2457
2459
2461
2462
2464
2465
2467
2468
2470
2471
2473
2474
2476
2477
2479
2480
2482
2484
2485
2487
2488
2490
2491
2493
2494
2496
2497
2499
2501
2502
2504
2505
2507
2508
2510
2511
2513
2514
2516
2518
2519
2521
2522
2524
2525
2527
2528
2530
2531
2533
2535
2536
2538
2539
2541
2542
2544
2545
2547
2549
2550
2552
2553
2555
2556
2558
2559
2561
2563
2564
2566
2567
2569
2570
2572
2574
2575
2577
2578
2580
2581
2583
2584
2586
2588
2589
2591
2592
2594
2595
2597
2599
2600
2602
2603
2605
2606
2608
2610
2611
2613
2614
2616
2617
2619
2621
2622
2624
2625
2627
2628
2630
2632
2633
2635
2636
2638
2639
2641
2643
2644
2646
2647
2649
2651
2652
2654
2655
2657
2658
2660
2662
2663
2665
2666
2668
2670
2671
2673
2674
2676
2677
2679
2681
2682
2684
2685
2687
2689
2690
2692
2693
2695
2697
2698
2700
2701
2703
2705
2706
2708
2709
2711
2712
2714
2716
2717
2719
2720
2722
2724
2725
2727
2728
2730
2732
2733
2735
2736
2738
2740
2741
2743
2744
2746
2748
2749
2751
2753
2754
2756
2757
2759
2761
2762
2764
2765
2767
2769
2770
2772
2773
2775
2777
2778
2780
2781
2783
2785
2786
2788
2790
2791
2793
2794
2796
2798
2799
2801
2802
2804
2806
2807
2809
2811
2812
2814
2815
2817
2819
2820
2822
2823
2825
2827
2828
2830
2832
2833
2835
2836
2838
2840
2841
2843
2845
2846
2848
2849
2851
2853
2854
2856
2858
2859
2861
2862
2864
2866
2867
2869
2871
2872
2874
2876
2877
2879
2880
2882
2884
2885
2887
2889
2890
2892
2893
2895
2897
2898
2900
2902
2903
2905
2907
2908
2910
2911
2913
2915
2916
2918
2920
2921
2923
2925
2926
2928
2930
2931
2933
2934
2936
2938
2939
2941
2943
2944
2946
2948
2949
2951
2953
2954
2956
2958
2959
2961
2962
2964
2966
2967
2969
2971
2972
2974
2976
2977
2979
2981
2982
2984
2986
2987
2989
2991
2992
2994
2996
2997
2999
3000
3002
3004
3005
3007
3009
3010
3012
3014
3015
3017
3019
3020
3022
3024
3025
3027
3029
3030
3032
3034
3035
3037
3039
3040
3042
3044
3045
3047
3049
3050
3052
3054
3055
3057
3059
3060
3062
3064
3065
3067
3069
3070
3072
3074
3075
3077
3079
3080
3082
3084
3085
3087
3089
3090
3092
3094
3095
3097
3099
3100
3102
3104
3105
3107
3109
3111
3112
3114
3116
3117
3119
3121
3122
3124
3126
3127
3129
3131
3132
3134
3136
3137
3139
3141
3142
3144
3146
3148
3149
3151
3153
3154
3156
3158
3159
3161
3163
3164
3166
3168
3169
3171
3173
3174
3176
3178
3180
3181
3183
3185
3186
3188
3190
3191
3193
3195
3196
3198
3200
3202
3203
3205
3207
3208
3210
3212
3213
3215
3217
3219
3220
3222
3224
3225
3227
3229
3230
3232
3234
3235
3237
3239
3241
3242
3244
3246
3247
3249
3251
3252
3254
3256
3258
3259
3261
3263
3264
3266
3268
3270
3271
3273
3275
3276
3278
3280
3281
3283
3285
3287
3288
3290
3292
3293
3295
3297
3299
3300
3302
3304
3305
3307
3309
3311
3312
3314
3316
3317
3319
3321
3323
3324
3326
3328
3329
3331
3333
3335
3336
3338
3340
3341
3343
3345
3347
3348
3350
3352
3353
3355
3357
3359
3360
3362
3364
3365
3367
3369
3371
3372
3374
3376
3377
3379
3381
3383
3384
3386
3388
3390
3391
3393
3395
3396
3398
3400
3402
3403
3405
3407
3409
3410
3412
3414
3415
3417
3419
3421
3422
3424
3426
3428
3429
3431
3433
3434
3436
3438
3440
3441
3443
3445
3447
3448
3450
3452
3453
3455
3457
3459
3460
3462
3464
3466
3467
3469
3471
3473
3474
3476
3478
3480
3481
3483
3485
3486
3488
3490
3492
3493
3495
3497
3499
3500
3502
3504
3506
3507
3509
3511
3513
3514
3516
3518
3520
3521
3523
3525
3526
3528
3530
3532
3533
3535
3537
3539
3540
3542
3544
3546
3547
3549
3551
3553
3554
3556
3558
3560
3561
3563
3565
3567
3568
3570
3572
3574
3575
3577
3579
3581
3582
3584
3586
3588
3589
3591
3593
3595
3596
3598
3600
3602
3603
3605
3607
3609
3610
3612
3614
3616
3617
3619
3621
3623
3624
3626
3628
3630
3631
3633
3635
3637
3638
3640
3642
3644
3646
3647
3649
3651
3653
3654
3656
3658
3660
3661
3663
3665
3667
3668
3670
3672
3674
3675
3677
3679
3681
3682
3684
3686
3688
3690
3691
3693
3695
3697
3698
3700
3702
3704
3705
3707
3709
3711
3712
3714
3716
3718
3720
3721
3723
3725
3727
3728
3730
3732
3734
3735
3737
3739
3741
3743
3744
3746
3748
3750
3751
3753
3755
3757
3758
3760
3762
3764
3766
3767
3769
3771
3773
3774
3776
3778
3780
3781
3783
3785
3787
3789
3790
3792
3794
3796
3797
3799
3801
3803
3805
3806
3808
3810
3812
3813
3815
3817
3819
3821
3822
3824
3826
3828
3829
3831
3833
3835
3837
3838
3840
3842
3844
3845
3847
3849
3851
3853
3854
3856
3858
3860
3861
3863
3865
3867
3869
3870
3872
3874
3876
3877
3879
3881
3883
3885
3886
3888
3890
3892
3894
3895
3897
3899
3901
3902
3904
3906
3908
3910
3911
3913
3915
3917
3919
3920
3922
3924
3926
3927
3929
3931
3933
3935
3936
3938
3940
3942
3944
3945
3947
3949
3951
3952
3954
3956
3958
3960
3961
3963
3965
3967
3969
3970
3972
3974
3976
3978
3979
3981
3983
3985
3986
3988
3990
3992
3994
3995
3997
3999
4001
4003
4004
4006
4008
4010
4012
4013
4015
4017
4019
4021
4022
4024
4026
4028
4030
4031
4033
4035
4037
4039
4040
4042
4044
4046
4047
4049
4051
4053
4055
4056
4058
4060
4062
4064
4065
4067
4069
4071
4073
4074
4076
4078
4080
4082
4083
4085
4087
4089
4091
4092
4094
4096
4098
4100
4101
4103
4105
4107
4109
4110
4112
4114
4116
4118
4119
4121
4123
4125
4127
4128
4130
4132
4134
4136
4137
4139
4141
4143
4145
4146
4148
4150
4152
4154
4156
4157
4159
4161
4163
4165
4166
4168
4170
4172
4174
4175
4177
4179
4181
4183
4184
4186
4188
4190
4192
4193
4195
4197
4199
4201
4202
4204
4206
4208
4210
4211
4213
4215
4217
4219
4221
4222
4224
4226
4228
4230
4231
4233
4235
4237
4239
4240
4242
4244
4246
4248
4249
4251
4253
4255
4257
4258
4260
4262
4264
4266
4268
4269
4271
4273
4275
4277
4278
4280
4282
4284
4286
4287
4289
4291
4293
4295
4296
4298
4300
4302
4304
4306
4307
4309
4311
4313
4315
4316
4318
4320
4322
4324
4325
4327
4329
4331
4333
4335
4336
4338
4340
4342
4344
4345
4347
4349
4351
4353
4354
4356
4358
4360
4362
4364
4365
4367
4369
4371
4373
4374
4376
4378
4380
4382
4384
4385
4387
4389
4391
4393
4394
4396
4398
4400
4402
4403
4405
4407
4409
4411
4413
4414
4416
4418
4420
4422
4423
4425
4427
4429
4431
4433
4434
4436
4438
4440
4442
4443
4445
4447
4449
4451
4453
4454
4456
4458
4460
4462
4463
4465
4467
4469
4471
4473
4474
4476
4478
4480
4482
4483
4485
4487
4489
4491
4493
4494
4496
4498
4500
4502
4503
4505
4507
4509
4511
4513
4514
4516
4518
4520
4522
4523
4525
4527
4529
4531
4533
4534
4536
4538
4540
4542
4543
4545
4547
4549
4551
4553
4554
4556
4558
4560
4562
4563
4565
4567
4569
4571
4573
4574
4576
4578
4580
4582
4583
4585
4587
4589
4591
4593
4594
4596
4598
4600
4602
4603
4605
4607
4609
4611
4613
4614
4616
4618
4620
4622
4623
4625
4627
4629
4631
4633
4634
4636
4638
4640
4642
4643
4645
4647
4649
4651
4653
4654
4656
4658
4660
4662
4663
4665
4667
4669
4671
4673
4674
4676
4678
4680
4682
4684
4685
4687
4689
4691
4693
4694
4696
4698
4700
4702
4704
4705
4707
4709
4711
4713
4714
4716
4718
4720
4722
4724
4725
4727
4729
4731
4733
4734
4736
4738
4740
4742
4744
4745
4747
4749
4751
4753
4754
4756
4758
4760
4762
4764
4765
4767
4769
4771
4773
4774
4776
4778
4780
4782
4784
4785
4787
4789
4791
4793
4795
4796
4798
4800
4802
4804
4805
4807
4809
4811
4813
4815
4816
4818
4820
4822
4824
4825
4827
4829
4831
4833
4835
4836
4838
4840
4842
4844
4845
4847
4849
4851
4853
4855
4856
4858
4860
4862
4864
4865
4867
4869
4871
4873
4875
4876
4878
4880
4882
4884
4885
4887
4889
4891
4893
4895
4896
4898
4900
4902
4904
4905
4907
4909
4911
4913
4914
4916
4918
4920
4922
4924
4925
4927
4929
4931
4933
4934
4936
4938
4940
4942
4944
4945
4947
4949
4951
4953
4954
4956
4958
4960
4962
4964
4965
4967
4969
4971
4973
4974
4976
4978
4980
4982
4983
4985
4987
4989
4991
4993
4994
4996
4998
5000
5002
5003
5005
5007
5009
5011
5012
5014
5016
5018
5020
5022
5023
5025
5027
5029
5031
5032
5034
5036
5038
5040
5041
5043
5045
5047
5049
5051
5052
5054
5056
5058
5060
5061
5063
5065
5067
5069
5070
5072
5074
5076
5078
5080
5081
5083
5085
5087
5089
5090
5092
5094
5096
5098
5099
5101
5103
5105
5107
5108
5110
5112
5114
5116
5117
5119
5121
5123
5125
5127
5128
5130
5132
5134
5136
5137
5139
5141
5143
5145
5146
5148
5150
5152
5154
5155
5157
5159
5161
5163
5164
5166
5168
5170
5172
5173
5175
5177
5179
5181
5183
5184
5186
5188
5190
5192
5193
5195
5197
5199
5201
5202
5204
5206
5208
5210
5211
5213
5215
5217
5219
5220
5222
5224
5226
5228
5229
5231
5233
5235
5237
5238
5240
5242
5244
5246
5247
5249
5251
5253
5255
5256
5258
5260
5262
5264
5265
5267
5269
5271
5273
5274
5276
5278
5280
5282
5283
5285
5287
5289
5291
5292
5294
5296
5298
5300
5301
5303
5305
5307
5308
5310
5312
5314
5316
5317
5319
5321
5323
5325
5326
5328
5330
5332
5334
5335
5337
5339
5341
5343
5344
5346
5348
5350
5352
5353
5355
5357
5359
5360
5362
5364
5366
5368
5369
5371
5373
5375
5377
5378
5380
5382
5384
5386
5387
5389
5391
5393
5394
5396
5398
5400
5402
5403
5405
5407
5409
5411
5412
5414
5416
5418
5419
5421
5423
5425
5427
5428
5430
5432
5434
5436
5437
5439
5441
5443
5444
5446
5448
5450
5452
5453
5455
5457
5459
5461
5462
5464
5466
5468
5469
5471
5473
5475
5477
5478
5480
5482
5484
5485
5487
5489
5491
5493
5494
5496
5498
5500
5501
5503
5505
5507
5509
5510
5512
5514
5516
5517
5519
5521
5523
5525
5526
5528
5530
5532
5533
5535
5537
5539
5540
5542
5544
5546
5548
5549
5551
5553
5555
5556
5558
5560
5562
5564
5565
5567
5569
5571
5572
5574
5576
5578
5579
5581
5583
5585
5586
5588
5590
5592
5594
5595
5597
5599
5601
5602
5604
5606
5608
5609
5611
5613
5615
5617
5618
5620
5622
5624
5625
5627
5629
5631
5632
5634
5636
5638
5639
5641
5643
5645
5646
5648
5650
5652
5654
5655
5657
5659
5661
5662
5664
5666
5668
5669
5671
5673
5675
5676
5678
5680
5682
5683
5685
5687
5689
5690
5692
5694
5696
5697
5699
5701
5703
5704
5706
5708
5710
5711
5713
5715
5717
5718
5720
5722
5724
5725
5727
5729
5731
5732
5734
5736
5738
5739
5741
5743
5745
5746
5748
5750
5752
5753
5755
5757
5759
5760
5762
5764
5766
5767
5769
5771
5773
5774
5776
5778
5780
5781
5783
5785
5786
5788
5790
5792
5793
5795
5797
5799
5800
5802
5804
5806
5807
5809
5811
5813
5814
5816
5818
5820
5821
5823
5825
5826
5828
5830
5832
5833
5835
5837
5839
5840
5842
5844
5846
5847
5849
5851
5852
5854
5856
5858
5859
5861
5863
5865
5866
5868
5870
5871
5873
5875
5877
5878
5880
5882
5884
5885
5887
5889
5890
5892
5894
5896
5897
5899
5901
5902
5904
5906
5908
5909
5911
5913
5915
5916
5918
5920
5921
5923
5925
5927
5928
5930
5932
5933
5935
5937
5939
5940
5942
5944
5945
5947
5949
5951
5952
5954
5956
5957
5959
5961
5963
5964
5966
5968
5969
5971
5973
5975
5976
5978
5980
5981
5983
5985
5986
5988
5990
5992
5993
5995
5997
5998
6000
6002
6004
6005
6007
6009
6010
6012
6014
6015
6017
6019
6021
6022
6024
6026
6027
6029
6031
6032
6034
6036
6038
6039
6041
6043
6044
6046
6048
6049
6051
6053
6055
6056
6058
6060
6061
6063
6065
6066
6068
6070
6071
6073
6075
6077
6078
6080
6082
6083
6085
6087
6088
6090
6092
6093
6095
6097
6098
6100
6102
6103
6105
6107
6109
6110
6112
6114
6115
6117
6119
6120
6122
6124
6125
6127
6129
6130
6132
6134
6135
6137
6139
6140
6142
6144
6145
6147
6149
6151
6152
6154
6156
6157
6159
6161
6162
6164
6166
6167
6169
6171
6172
6174
6176
6177
6179
6181
6182
6184
6186
6187
6189
6191
6192
6194
6196
6197
6199
6201
6202
6204
6206
6207
6209
6211
6212
6214
6216
6217
6219
6221
6222
6224
6225
6227
6229
6230
6232
6234
6235
6237
6239
6240
6242
6244
6245
6247
6249
6250
6252
6254
6255
6257
6259
6260
6262
6264
6265
6267
6268
6270
6272
6273
6275
6277
6278
6280
6282
6283
6285
6287
6288
6290
6292
6293
6295
6296
6298
6300
6301
6303
6305
6306
6308
6310
6311
6313
6314
6316
6318
6319
6321
6323
6324
6326
6328
6329
6331
6332
6334
6336
6337
6339
6341
6342
6344
6345
6347
6349
6350
6352
6354
6355
6357
6359
6360
6362
6363
6365
6367
6368
6370
6371
6373
6375
6376
6378
6380
6381
6383
6384
6386
6388
6389
6391
6393
6394
6396
6397
6399
6401
6402
6404
6405
6407
6409
6410
6412
6414
6415
6417
6418
6420
6422
6423
6425
6426
6428
6430
6431
6433
6434
6436
6438
6439
6441
6442
6444
6446
6447
6449
6450
6452
6454
6455
6457
6458
6460
6462
6463
6465
6466
6468
6470
6471
6473
6474
6476
6478
6479
6481
6482
6484
6486
6487
6489
6490
6492
6494
6495
6497
6498
6500
6501
6503
6505
6506
6508
6509
6511
6513
6514
6516
6517
6519
6521
6522
6524
6525
6527
6528
6530
6532
6533
6535
6536
6538
6539
6541
6543
6544
6546
6547
6549
6550
6552
6554
6555
6557
6558
6560
6561
6563
6565
6566
6568
6569
6571
6572
6574
6576
6577
6579
6580
6582
6583
6585
6587
6588
6590
6591
6593
6594
6596
6597
6599
6601
6602
6604
6605
6607
6608
6610
6611
6613
6615
6616
6618
6619
6621
6622
6624
6625
6627
6629
6630
6632
6633
6635
6636
6638
6639
6641
6642
6644
6646
6647
6649
6650
6652
6653
6655
6656
6658
6659
6661
6662
6664
6666
6667
6669
6670
6672
6673
6675
6676
6678
6679
6681
6682
6684
6685
6687
6689
6690
6692
6693
6695
6696
6698
6699
6701
6702
6704
6705
6707
6708
6710
6711
6713
6714
6716
6717
6719
6721
6722
6724
6725
6727
6728
6730
6731
6733
6734
6736
6737
6739
6740
6742
6743
6745
6746
6748
6749
6751
6752
6754
6755
6757
6758
6760
6761
6763
6764
6766
6767
6769
6770
6772
6773
6775
6776
6778
6779
6781
6782
6784
6785
6787
6788
6790
6791
6793
6794
6796
6797
6799
6800
6802
6803
6805
6806
6808
6809
6811
6812
6814
6815
6817
6818
6820
6821
6823
6824
6826
6827
6828
6830
6831
6833
6834
6836
6837
6839
6840
6842
6843
6845
6846
6848
6849
6851
6852
6854
6855
6856
6858
6859
6861
6862
6864
6865
6867
6868
6870
6871
6873
6874
6876
6877
6878
6880
6881
6883
6884
6886
6887
6889
6890
6892
6893
6894
6896
6897
6899
6900
6902
6903
6905
6906
6908
6909
6910
6912
6913
6915
6916
6918
6919
6921
6922
6923
6925
6926
6928
6929
6931
6932
6934
6935
6936
6938
6939
6941
6942
6944
6945
6946
6948
6949
6951
6952
6954
6955
6956
6958
6959
6961
6962
6964
6965
6966
6968
6969
6971
6972
6974
6975
6976
6978
6979
6981
6982
6984
6985
6986
6988
6989
6991
6992
6993
6995
6996
6998
6999
7001
7002
7003
7005
7006
7008
7009
7010
7012
7013
7015
7016
7017
7019
7020
7022
7023
7024
7026
7027
7029
7030
7031
7033
7034
7036
7037
7038
7040
7041
7043
7044
7045
7047
7048
7050
7051
7052
7054
7055
7056
7058
7059
7061
7062
7063
7065
7066
7068
7069
7070
7072
7073
7074
7076
7077
7079
7080
7081
7083
7084
7085
7087
7088
7090
7091
7092
7094
7095
7096
7098
7099
7100
7102
7103
7105
7106
7107
7109
7110
7111
7113
7114
7115
7117
7118
7120
7121
7122
7124
7125
7126
7128
7129
7130
7132
7133
7134
7136
7137
7138
7140
7141
7143
7144
7145
7147
7148
7149
7151
7152
7153
7155
7156
7157
7159
7160
7161
7163
7164
7165
7167
7168
7169
7171
7172
7173
7175
7176
7177
7179
7180
7181
7183
7184
7185
7187
7188
7189
7191
7192
7193
7195
7196
7197
7198
7200
7201
7202
7204
7205
7206
7208
7209
7210
7212
7213
7214
7216
7217
7218
7219
7221
7222
7223
7225
7226
7227
7229
7230
7231
7232
7234
7235
7236
7238
7239
7240
7242
7243
7244
7245
7247
7248
7249
7251
7252
7253
7255
7256
7257
7258
7260
7261
7262
7264
7265
7266
7267
7269
7270
7271
7272
7274
7275
7276
7278
7279
7280
7281
7283
7284
7285
7287
7288
7289
7290
7292
7293
7294
7295
7297
7298
7299
7300
7302
7303
7304
7305
7307
7308
7309
7311
7312
7313
7314
7316
7317
7318
7319
7321
7322
7323
7324
7326
7327
7328
7329
7331
7332
7333
7334
7336
7337
7338
7339
7341
7342
7343
7344
7345
7347
7348
7349
7350
7352
7353
7354
7355
7357
7358
7359
7360
7362
7363
7364
7365
7366
7368
7369
7370
7371
7373
7374
7375
7376
7377
7379
7380
7381
7382
7383
7385
7386
7387
7388
7390
7391
7392
7393
7394
7396
7397
7398
7399
7400
7402
7403
7404
7405
7406
7408
7409
7410
7411
7412
7414
7415
7416
7417
7418
7420
7421
7422
7423
7424
7426
7427
7428
7429
7430
7432
7433
7434
7435
7436
7437
7439
7440
7441
7442
7443
7445
7446
7447
7448
7449
7450
7452
7453
7454
7455
7456
7457
7459
7460
7461
7462
7463
7464
7466
7467
7468
7469
7470
7471
7473
7474
7475
7476
7477
7478
7479
7481
7482
7483
7484
7485
7486
7488
7489
7490
7491
7492
7493
7494
7496
7497
7498
7499
7500
7501
7502
7504
7505
7506
7507
7508
7509
7510
7511
7513
7514
7515
7516
7517
7518
7519
7521
7522
7523
7524
7525
7526
7527
7528
7529
7531
7532
7533
7534
7535
7536
7537
7538
7540
7541
7542
7543
7544
7545
7546
7547
7548
7550
7551
7552
7553
7554
7555
7556
7557
7558
7559
7561
7562
7563
7564
7565
7566
7567
7568
7569
7570
7571
7573
7574
7575
7576
7577
7578
7579
7580
7581
7582
7583
7584
7586
7587
7588
7589
7590
7591
7592
7593
7594
7595
7596
7597
7598
7600
7601
7602
7603
7604
7605
7606
7607
7608
7609
7610
7611
7612
7613
7614
7615
7616
7618
7619
7620
7621
7622
7623
7624
7625
7626
7627
7628
7629
7630
7631
7632
7633
7634
7635
7636
7637
7638
7640
7641
7642
7643
7644
7645
7646
7647
7648
7649
7650
7651
7652
7653
7654
7655
7656
7657
7658
7659
7660
7661
7662
7663
7664
7665
7666
7667
7668
7669
7670
7671
7672
7673
7674
7675
7676
7677
7678
7679
7680
7681
7682
7683
7684
7685
7686
7687
7688
7689
7690
7691
7692
7693
7694
7695
7696
7697
7698
7699
7700
7701
7702
7703
7704
7705
7706
7707
7708
7709
7710
7711
7712
7713
7714
7715
7716
7717
7718
7719
7720
7721
7722
7723
7724
7725
7726
7726
7727
7728
7729
7730
7731
7732
7733
7734
7735
7736
7737
7738
7739
7740
7741
7742
7743
7744
7745
7746
7747
7747
7748
7749
7750
7751
7752
7753
7754
7755
7756
7757
7758
7759
7760
7761
7762
7762
7763
7764
7765
7766
7767
7768
7769
7770
7771
7772
7773
7774
7774
7775
7776
7777
7778
7779
7780
7781
7782
7783
7784
7784
7785
7786
7787
7788
7789
7790
7791
7792
7793
7794
7794
7795
7796
7797
7798
7799
7800
7801
7802
7802
7803
7804
7805
7806
7807
7808
7809
7810
7810
7811
7812
7813
7814
7815
7816
7817
7817
7818
7819
7820
7821
7822
7823
7824
7824
7825
7826
7827
7828
7829
7830
7830
7831
7832
7833
7834
7835
7836
7836
7837
7838
7839
7840
7841
7842
7842
7843
7844
7845
7846
7847
7847
7848
7849
7850
7851
7852
7853
7853
7854
7855
7856
7857
7858
7858
7859
7860
7861
7862
7862
7863
7864
7865
7866
7867
7867
7868
7869
7870
7871
7871
7872
7873
7874
7875
7876
7876
7877
7878
7879
7880
7880
7881
7882
7883
7884
7884
7885
7886
7887
7888
7888
7889
7890
7891
7892
7892
7893
7894
7895
7896
7896
7897
7898
7899
7899
7900
7901
7902
7903
7903
7904
7905
7906
7906
7907
7908
7909
7910
7910
7911
7912
7913
7913
7914
7915
7916
7916
7917
7918
7919
7919
7920
7921
7922
7922
7923
7924
7925
7925
7926
7927
7928
7928
7929
7930
7931
7931
7932
7933
7934
7934
7935
7936
7937
7937
7938
7939
7940
7940
7941
7942
7942
7943
7944
7945
7945
7946
7947
7947
7948
7949
7950
7950
7951
7952
7953
7953
7954
7955
7955
7956
7957
7957
7958
7959
7960
7960
7961
7962
7962
7963
7964
7964
7965
7966
7967
7967
7968
7969
7969
7970
7971
7971
7972
7973
7973
7974
7975
7976
7976
7977
7978
7978
7979
7980
7980
7981
7982
7982
7983
7984
7984
7985
7986
7986
7987
7988
7988
7989
7990
7990
7991
7992
7992
7993
7994
7994
7995
7995
7996
7997
7997
7998
7999
7999
8000
8001
8001
8002
8003
8003
8004
8004
8005
8006
8006
8007
8008
8008
8009
8010
8010
8011
8011
8012
8013
8013
8014
8015
8015
8016
8016
8017
8018
8018
8019
8019
8020
8021
8021
8022
8023
8023
8024
8024
8025
8026
8026
8027
8027
8028
8029
8029
8030
8030
8031
8032
8032
8033
8033
8034
8034
8035
8036
8036
8037
8037
8038
8039
8039
8040
8040
8041
8041
8042
8043
8043
8044
8044
8045
8045
8046
8047
8047
8048
8048
8049
8049
8050
8050
8051
8052
8052
8053
8053
8054
8054
8055
8055
8056
8057
8057
8058
8058
8059
8059
8060
8060
8061
8061
8062
8062
8063
8064
8064
8065
8065
8066
8066
8067
8067
8068
8068
8069
8069
8070
8070
8071
8071
8072
8072
8073
8073
8074
8075
8075
8076
8076
8077
8077
8078
8078
8079
8079
8080
8080
8081
8081
8082
8082
8083
8083
8084
8084
8084
8085
8085
8086
8086
8087
8087
8088
8088
8089
8089
8090
8090
8091
8091
8092
8092
8093
8093
8094
8094
8095
8095
8095
8096
8096
8097
8097
8098
8098
8099
8099
8100
8100
8101
8101
8101
8102
8102
8103
8103
8104
8104
8105
8105
8105
8106
8106
8107
8107
8108
8108
8108
8109
8109
8110
8110
8111
8111
8112
8112
8112
8113
8113
8114
8114
8114
8115
8115
8116
8116
8117
8117
8117
8118
8118
8119
8119
8119
8120
8120
8121
8121
8121
8122
8122
8123
8123
8123
8124
8124
8125
8125
8125
8126
8126
8127
8127
8127
8128
8128
8128
8129
8129
8130
8130
8130
8131
8131
8131
8132
8132
8133
8133
8133
8134
8134
8134
8135
8135
8135
8136
8136
8137
8137
8137
8138
8138
8138
8139
8139
8139
8140
8140
8140
8141
8141
8141
8142
8142
8142
8143
8143
8143
8144
8144
8144
8145
8145
8145
8146
8146
8146
8147
8147
8147
8148
8148
8148
8149
8149
8149
8150
8150
8150
8150
8151
8151
8151
8152
8152
8152
8153
8153
8153
8154
8154
8154
8154
8155
8155
8155
8156
8156
8156
8156
8157
8157
8157
8158
8158
8158
8158
8159
8159
8159
8160
8160
8160
8160
8161
8161
8161
8161
8162
8162
8162
8162
8163
8163
8163
8164
8164
8164
8164
8165
8165
8165
8165
8166
8166
8166
8166
8167
8167
8167
8167
8167
8168
8168
8168
8168
8169
8169
8169
8169
8170
8170
8170
8170
8170
8171
8171
8171
8171
8172
8172
8172
8172
8172
8173
8173
8173
8173
8174
8174
8174
8174
8174
8175
8175
8175
8175
8175
8176
8176
8176
8176
8176
8176
8177
8177
8177
8177
8177
8178
8178
8178
8178
8178
8179
8179
8179
8179
8179
8179
8180
8180
8180
8180
8180
8180
8181
8181
8181
8181
8181
8181
8182
8182
8182
8182
8182
8182
8182
8183
8183
8183
8183
8183
8183
8183
8184
8184
8184
8184
8184
8184
8184
8185
8185
8185
8185
8185
8185
8185
8185
8186
8186
8186
8186
8186
8186
8186
8186
8187
8187
8187
8187
8187
8187
8187
8187
8187
8188
8188
8188
8188
8188
8188
8188
8188
8188
8188
8188
8189
8189
8189
8189
8189
8189
8189
8189
8189
8189
8189
8190
8190
8190
8190
8190
8190
8190
8190
8190
8190
8190
8190
8190
8190
8190
8191
8191
8191
8191
8191
8191
8191
8191
8191
8191
8191
8191
8191
8191
8191
8191
8191
8191
8191
8191
8191
8192
8192
8192
8192
8192
8192
8192
8192
8192
8192
8192
8192
8192
8192
8192
8192
8192
8192
8192
8192
8192
8192
8192
8192
8192
8192
8192
8192
8192
8192
8192
8192
8192
8192
8192
8192
8192
8192
8192
8192
8192
8192
8192
8192
8192
8192
8192
8192
8192
8192
8192
8192
8192
8192
8192
8192
8192
8192
8191
8191
8191
8191
8191
8191
8191
8191
8191
8191
8191
8191
8191
8191
8191
8191
8191
8191
8191
8191
8191
8190
8190
8190
8190
8190
8190
8190
8190
8190
8190
8190
8190
8190
8190
8190
8189
8189
8189
8189
8189
8189
8189
8189
8189
8189
8189
8188
8188
8188
8188
8188
8188
8188
8188
8188
8188
8188
8187
8187
8187
8187
8187
8187
8187
8187
8187
8186
8186
8186
8186
8186
8186
8186
8186
8185
8185
8185
8185
8185
8185
8185
8185
8184
8184
8184
8184
8184
8184
8184
8183
8183
8183
8183
8183
8183
8183
8182
8182
8182
8182
8182
8182
8182
8181
8181
8181
8181
8181
8181
8180
8180
8180
8180
8180
8180
8179
8179
8179
8179
8179
8179
8178
8178
8178
8178
8178
8177
8177
8177
8177
8177
8176
8176
8176
8176
8176
8176
8175
8175
8175
8175
8175
8174
8174
8174
8174
8174
8173
8173
8173
8173
8172
8172
8172
8172
8172
8171
8171
8171
8171
8170
8170
8170
8170
8170
8169
8169
8169
8169
8168
8168
8168
8168
8167
8167
8167
8167
8167
8166
8166
8166
8166
8165
8165
8165
8165
8164
8164
8164
8164
8163
8163
8163
8162
8162
8162
8162
8161
8161
8161
8161
8160
8160
8160
8160
8159
8159
8159
8158
8158
8158
8158
8157
8157
8157
8156
8156
8156
8156
8155
8155
8155
8154
8154
8154
8154
8153
8153
8153
8152
8152
8152
8151
8151
8151
8150
8150
8150
8150
8149
8149
8149
8148
8148
8148
8147
8147
8147
8146
8146
8146
8145
8145
8145
8144
8144
8144
8143
8143
8143
8142
8142
8142
8141
8141
8141
8140
8140
8140
8139
8139
8139
8138
8138
8138
8137
8137
8137
8136
8136
8135
8135
8135
8134
8134
8134
8133
8133
8133
8132
8132
8131
8131
8131
8130
8130
8130
8129
8129
8128
8128
8128
8127
8127
8127
8126
8126
8125
8125
8125
8124
8124
8123
8123
8123
8122
8122
8121
8121
8121
8120
8120
8119
8119
8119
8118
8118
8117
8117
8117
8116
8116
8115
8115
8114
8114
8114
8113
8113
8112
8112
8112
8111
8111
8110
8110
8109
8109
8108
8108
8108
8107
8107
8106
8106
8105
8105
8105
8104
8104
8103
8103
8102
8102
8101
8101
8101
8100
8100
8099
8099
8098
8098
8097
8097
8096
8096
8095
8095
8095
8094
8094
8093
8093
8092
8092
8091
8091
8090
8090
8089
8089
8088
8088
8087
8087
8086
8086
8085
8085
8084
8084
8084
8083
8083
8082
8082
8081
8081
8080
8080
8079
8079
8078
8078
8077
8077
8076
8076
8075
8075
8074
8073
8073
8072
8072
8071
8071
8070
8070
8069
8069
8068
8068
8067
8067
8066
8066
8065
8065
8064
8064
8063
8062
8062
8061
8061
8060
8060
8059
8059
8058
8058
8057
8057
8056
8055
8055
8054
8054
8053
8053
8052
8052
8051
8050
8050
8049
8049
8048
8048
8047
8047
8046
8045
8045
8044
8044
8043
8043
8042
8041
8041
8040
8040
8039
8039
8038
8037
8037
8036
8036
8035
8034
8034
8033
8033
8032
8032
8031
8030
8030
8029
8029
8028
8027
8027
8026
8026
8025
8024
8024
8023
8023
8022
8021
8021
8020
8019
8019
8018
8018
8017
8016
8016
8015
8015
8014
8013
8013
8012
8011
8011
8010
8010
8009
8008
8008
8007
8006
8006
8005
8004
8004
8003
8003
8002
8001
8001
8000
7999
7999
7998
7997
7997
7996
7995
7995
7994
7994
7993
7992
7992
7991
7990
7990
7989
7988
7988
7987
7986
7986
7985
7984
7984
7983
7982
7982
7981
7980
7980
7979
7978
7978
7977
7976
7976
7975
7974
7973
7973
7972
7971
7971
7970
7969
7969
7968
7967
7967
7966
7965
7964
7964
7963
7962
7962
7961
7960
7960
7959
7958
7957
7957
7956
7955
7955
7954
7953
7953
7952
7951
7950
7950
7949
7948
7947
7947
7946
7945
7945
7944
7943
7942
7942
7941
7940
7940
7939
7938
7937
7937
7936
7935
7934
7934
7933
7932
7931
7931
7930
7929
7928
7928
7927
7926
7925
7925
7924
7923
7922
7922
7921
7920
7919
7919
7918
7917
7916
7916
7915
7914
7913
7913
7912
7911
7910
7910
7909
7908
7907
7906
7906
7905
7904
7903
7903
7902
7901
7900
7899
7899
7898
7897
7896
7896
7895
7894
7893
7892
7892
7891
7890
7889
7888
7888
7887
7886
7885
7884
7884
7883
7882
7881
7880
7880
7879
7878
7877
7876
7876
7875
7874
7873
7872
7871
7871
7870
7869
7868
7867
7867
7866
7865
7864
7863
7862
7862
7861
7860
7859
7858
7858
7857
7856
7855
7854
7853
7853
7852
7851
7850
7849
7848
7847
7847
7846
7845
7844
7843
7842
7842
7841
7840
7839
7838
7837
7836
7836
7835
7834
7833
7832
7831
7830
7830
7829
7828
7827
7826
7825
7824
7824
7823
7822
7821
7820
7819
7818
7817
7817
7816
7815
7814
7813
7812
7811
7810
7810
7809
7808
7807
7806
7805
7804
7803
7802
7802
7801
7800
7799
7798
7797
7796
7795
7794
7794
7793
7792
7791
7790
7789
7788
7787
7786
7785
7784
7784
7783
7782
7781
7780
7779
7778
7777
7776
7775
7774
7774
7773
7772
7771
7770
7769
7768
7767
7766
7765
7764
7763
7762
7762
7761
7760
7759
7758
7757
7756
7755
7754
7753
7752
7751
7750
7749
7748
7747
7747
7746
7745
7744
7743
7742
7741
7740
7739
7738
7737
7736
7735
7734
7733
7732
7731
7730
7729
7728
7727
7726
7726
7725
7724
7723
7722
7721
7720
7719
7718
7717
7716
7715
7714
7713
7712
7711
7710
7709
7708
7707
7706
7705
7704
7703
7702
7701
7700
7699
7698
7697
7696
7695
7694
7693
7692
7691
7690
7689
7688
7687
7686
7685
7684
7683
7682
7681
7680
7679
7678
7677
7676
7675
7674
7673
7672
7671
7670
7669
7668
7667
7666
7665
7664
7663
7662
7661
7660
7659
7658
7657
7656
7655
7654
7653
7652
7651
7650
7649
7648
7647
7646
7645
7644
7643
7642
7641
7640
7638
7637
7636
7635
7634
7633
7632
7631
7630
7629
7628
7627
7626
7625
7624
7623
7622
7621
7620
7619
7618
7616
7615
7614
7613
7612
7611
7610
7609
7608
7607
7606
7605
7604
7603
7602
7601
7600
7598
7597
7596
7595
7594
7593
7592
7591
7590
7589
7588
7587
7586
7584
7583
7582
7581
7580
7579
7578
7577
7576
7575
7574
7573
7571
7570
7569
7568
7567
7566
7565
7564
7563
7562
7561
7559
7558
7557
7556
7555
7554
7553
7552
7551
7550
7548
7547
7546
7545
7544
7543
7542
7541
7540
7538
7537
7536
7535
7534
7533
7532
7531
7529
7528
7527
7526
7525
7524
7523
7522
7521
7519
7518
7517
7516
7515
7514
7513
7511
7510
7509
7508
7507
7506
7505
7504
7502
7501
7500
7499
7498
7497
7496
7494
7493
7492
7491
7490
7489
7488
7486
7485
7484
7483
7482
7481
7479
7478
7477
7476
7475
7474
7473
7471
7470
7469
7468
7467
7466
7464
7463
7462
7461
7460
7459
7457
7456
7455
7454
7453
7452
7450
7449
7448
7447
7446
7445
7443
7442
7441
7440
7439
7437
7436
7435
7434
7433
7432
7430
7429
7428
7427
7426
7424
7423
7422
7421
7420
7418
7417
7416
7415
7414
7412
7411
7410
7409
7408
7406
7405
7404
7403
7402
7400
7399
7398
7397
7396
7394
7393
7392
7391
7390
7388
7387
7386
7385
7383
7382
7381
7380
7379
7377
7376
7375
7374
7373
7371
7370
7369
7368
7366
7365
7364
7363
7362
7360
7359
7358
7357
7355
7354
7353
7352
7350
7349
7348
7347
7345
7344
7343
7342
7341
7339
7338
7337
7336
7334
7333
7332
7331
7329
7328
7327
7326
7324
7323
7322
7321
7319
7318
7317
7316
7314
7313
7312
7311
7309
7308
7307
7305
7304
7303
7302
7300
7299
7298
7297
7295
7294
7293
7292
7290
7289
7288
7287
7285
7284
7283
7281
7280
7279
7278
7276
7275
7274
7272
7271
7270
7269
7267
7266
7265
7264
7262
7261
7260
7258
7257
7256
7255
7253
7252
7251
7249
7248
7247
7245
7244
7243
7242
7240
7239
7238
7236
7235
7234
7232
7231
7230
7229
7227
7226
7225
7223
7222
7221
7219
7218
7217
7216
7214
7213
7212
7210
7209
7208
7206
7205
7204
7202
7201
7200
7198
7197
7196
7195
7193
7192
7191
7189
7188
7187
7185
7184
7183
7181
7180
7179
7177
7176
7175
7173
7172
7171
7169
7168
7167
7165
7164
7163
7161
7160
7159
7157
7156
7155
7153
7152
7151
7149
7148
7147
7145
7144
7143
7141
7140
7138
7137
7136
7134
7133
7132
7130
7129
7128
7126
7125
7124
7122
7121
7120
7118
7117
7115
7114
7113
7111
7110
7109
7107
7106
7105
7103
7102
7100
7099
7098
7096
7095
7094
7092
7091
7090
7088
7087
7085
7084
7083
7081
7080
7079
7077
7076
7074
7073
7072
7070
7069
7068
7066
7065
7063
7062
7061
7059
7058
7056
7055
7054
7052
7051
7050
7048
7047
7045
7044
7043
7041
7040
7038
7037
7036
7034
7033
7031
7030
7029
7027
7026
7024
7023
7022
7020
7019
7017
7016
7015
7013
7012
7010
7009
7008
7006
7005
7003
7002
7001
6999
6998
6996
6995
6993
6992
6991
6989
6988
6986
6985
6984
6982
6981
6979
6978
6976
6975
6974
6972
6971
6969
6968
6966
6965
6964
6962
6961
6959
6958
6956
6955
6954
6952
6951
6949
6948
6946
6945
6944
6942
6941
6939
6938
6936
6935
6934
6932
6931
6929
6928
6926
6925
6923
6922
6921
6919
6918
6916
6915
6913
6912
6910
6909
6908
6906
6905
6903
6902
6900
6899
6897
6896
6894
6893
6892
6890
6889
6887
6886
6884
6883
6881
6880
6878
6877
6876
6874
6873
6871
6870
6868
6867
6865
6864
6862
6861
6859
6858
6856
6855
6854
6852
6851
6849
6848
6846
6845
6843
6842
6840
6839
6837
6836
6834
6833
6831
6830
6828
6827
6826
6824
6823
6821
6820
6818
6817
6815
6814
6812
6811
6809
6808
6806
6805
6803
6802
6800
6799
6797
6796
6794
6793
6791
6790
6788
6787
6785
6784
6782
6781
6779
6778
6776
6775
6773
6772
6770
6769
6767
6766
6764
6763
6761
6760
6758
6757
6755
6754
6752
6751
6749
6748
6746
6745
6743
6742
6740
6739
6737
6736
6734
6733
6731
6730
6728
6727
6725
6724
6722
6721
6719
6717
6716
6714
6713
6711
6710
6708
6707
6705
6704
6702
6701
6699
6698
6696
6695
6693
6692
6690
6689
6687
6685
6684
6682
6681
6679
6678
6676
6675
6673
6672
6670
6669
6667
6666
6664
6662
6661
6659
6658
6656
6655
6653
6652
6650
6649
6647
6646
6644
6642
6641
6639
6638
6636
6635
6633
6632
6630
6629
6627
6625
6624
6622
6621
6619
6618
6616
6615
6613
6611
6610
6608
6607
6605
6604
6602
6601
6599
6597
6596
6594
6593
6591
6590
6588
6587
6585
6583
6582
6580
6579
6577
6576
6574
6572
6571
6569
6568
6566
6565
6563
6561
6560
6558
6557
6555
6554
6552
6550
6549
6547
6546
6544
6543
6541
6539
6538
6536
6535
6533
6532
6530
6528
6527
6525
6524
6522
6521
6519
6517
6516
6514
6513
6511
6509
6508
6506
6505
6503
6501
6500
6498
6497
6495
6494
6492
6490
6489
6487
6486
6484
6482
6481
6479
6478
6476
6474
6473
6471
6470
6468
6466
6465
6463
6462
6460
6458
6457
6455
6454
6452
6450
6449
6447
6446
6444
6442
6441
6439
6438
6436
6434
6433
6431
6430
6428
6426
6425
6423
6422
6420
6418
6417
6415
6414
6412
6410
6409
6407
6405
6404
6402
6401
6399
6397
6396
6394
6393
6391
6389
6388
6386
6384
6383
6381
6380
6378
6376
6375
6373
6371
6370
6368
6367
6365
6363
6362
6360
6359
6357
6355
6354
6352
6350
6349
6347
6345
6344
6342
6341
6339
6337
6336
6334
6332
6331
6329
6328
6326
6324
6323
6321
6319
6318
6316
6314
6313
6311
6310
6308
6306
6305
6303
6301
6300
6298
6296
6295
6293
6292
6290
6288
6287
6285
6283
6282
6280
6278
6277
6275
6273
6272
6270
6268
6267
6265
6264
6262
6260
6259
6257
6255
6254
6252
6250
6249
6247
6245
6244
6242
6240
6239
6237
6235
6234
6232
6230
6229
6227
6225
6224
6222
6221
6219
6217
6216
6214
6212
6211
6209
6207
6206
6204
6202
6201
6199
6197
6196
6194
6192
6191
6189
6187
6186
6184
6182
6181
6179
6177
6176
6174
6172
6171
6169
6167
6166
6164
6162
6161
6159
6157
6156
6154
6152
6151
6149
6147
6145
6144
6142
6140
6139
6137
6135
6134
6132
6130
6129
6127
6125
6124
6122
6120
6119
6117
6115
6114
6112
6110
6109
6107
6105
6103
6102
6100
6098
6097
6095
6093
6092
6090
6088
6087
6085
6083
6082
6080
6078
6077
6075
6073
6071
6070
6068
6066
6065
6063
6061
6060
6058
6056
6055
6053
6051
6049
6048
6046
6044
6043
6041
6039
6038
6036
6034
6032
6031
6029
6027
6026
6024
6022
6021
6019
6017
6015
6014
6012
6010
6009
6007
6005
6004
6002
6000
5998
5997
5995
5993
5992
5990
5988
5986
5985
5983
5981
5980
5978
5976
5975
5973
5971
5969
5968
5966
5964
5963
5961
5959
5957
5956
5954
5952
5951
5949
5947
5945
5944
5942
5940
5939
5937
5935
5933
5932
5930
5928
5927
5925
5923
5921
5920
5918
5916
5915
5913
5911
5909
5908
5906
5904
5902
5901
5899
5897
5896
5894
5892
5890
5889
5887
5885
5884
5882
5880
5878
5877
5875
5873
5871
5870
5868
5866
5865
5863
5861
5859
5858
5856
5854
5852
5851
5849
5847
5846
5844
5842
5840
5839
5837
5835
5833
5832
5830
5828
5826
5825
5823
5821
5820
5818
5816
5814
5813
5811
5809
5807
5806
5804
5802
5800
5799
5797
5795
5793
5792
5790
5788
5786
5785
5783
5781
5780
5778
5776
5774
5773
5771
5769
5767
5766
5764
5762
5760
5759
5757
5755
5753
5752
5750
5748
5746
5745
5743
5741
5739
5738
5736
5734
5732
5731
5729
5727
5725
5724
5722
5720
5718
5717
5715
5713
5711
5710
5708
5706
5704
5703
5701
5699
5697
5696
5694
5692
5690
5689
5687
5685
5683
5682
5680
5678
5676
5675
5673
5671
5669
5668
5666
5664
5662
5661
5659
5657
5655
5654
5652
5650
5648
5646
5645
5643
5641
5639
5638
5636
5634
5632
5631
5629
5627
5625
5624
5622
5620
5618
5617
5615
5613
5611
5609
5608
5606
5604
5602
5601
5599
5597
5595
5594
5592
5590
5588
5586
5585
5583
5581
5579
5578
5576
5574
5572
5571
5569
5567
5565
5564
5562
5560
5558
5556
5555
5553
5551
5549
5548
5546
5544
5542
5540
5539
5537
5535
5533
5532
5530
5528
5526
5525
5523
5521
5519
5517
5516
5514
5512
5510
5509
5507
5505
5503
5501
5500
5498
5496
5494
5493
5491
5489
5487
5485
5484
5482
5480
5478
5477
5475
5473
5471
5469
5468
5466
5464
5462
5461
5459
5457
5455
5453
5452
5450
5448
5446
5444
5443
5441
5439
5437
5436
5434
5432
5430
5428
5427
5425
5423
5421
5419
5418
5416
5414
5412
5411
5409
5407
5405
5403
5402
5400
5398
5396
5394
5393
5391
5389
5387
5386
5384
5382
5380
5378
5377
5375
5373
5371
5369
5368
5366
5364
5362
5360
5359
5357
5355
5353
5352
5350
5348
5346
5344
5343
5341
5339
5337
5335
5334
5332
5330
5328
5326
5325
5323
5321
5319
5317
5316
5314
5312
5310
5308
5307
5305
5303
5301
5300
5298
5296
5294
5292
5291
5289
5287
5285
5283
5282
5280
5278
5276
5274
5273
5271
5269
5267
5265
5264
5262
5260
5258
5256
5255
5253
5251
5249
5247
5246
5244
5242
5240
5238
5237
5235
5233
5231
5229
5228
5226
5224
5222
5220
5219
5217
5215
5213
5211
5210
5208
5206
5204
5202
5201
5199
5197
5195
5193
5192
5190
5188
5186
5184
5183
5181
5179
5177
5175
5173
5172
5170
5168
5166
5164
5163
5161
5159
5157
5155
5154
5152
5150
5148
5146
5145
5143
5141
5139
5137
5136
5134
5132
5130
5128
5127
5125
5123
5121
5119
5117
5116
5114
5112
5110
5108
5107
5105
5103
5101
5099
5098
5096
5094
5092
5090
5089
5087
5085
5083
5081
5080
5078
5076
5074
5072
5070
5069
5067
5065
5063
5061
5060
5058
5056
5054
5052
5051
5049
5047
5045
5043
5041
5040
5038
5036
5034
5032
5031
5029
5027
5025
5023
5022
5020
5018
5016
5014
5012
5011
5009
5007
5005
5003
5002
5000
4998
4996
4994
4993
4991
4989
4987
4985
4983
4982
4980
4978
4976
4974
4973
4971
4969
4967
4965
4964
4962
4960
4958
4956
4954
4953
4951
4949
4947
4945
4944
4942
4940
4938
4936
4934
4933
4931
4929
4927
4925
4924
4922
4920
4918
4916
4914
4913
4911
4909
4907
4905
4904
4902
4900
4898
4896
4895
4893
4891
4889
4887
4885
4884
4882
4880
4878
4876
4875
4873
4871
4869
4867
4865
4864
4862
4860
4858
4856
4855
4853
4851
4849
4847
4845
4844
4842
4840
4838
4836
4835
4833
4831
4829
4827
4825
4824
4822
4820
4818
4816
4815
4813
4811
4809
4807
4805
4804
4802
4800
4798
4796
4795
4793
4791
4789
4787
4785
4784
4782
4780
4778
4776
4774
4773
4771
4769
4767
4765
4764
4762
4760
4758
4756
4754
4753
4751
4749
4747
4745
4744
4742
4740
4738
4736
4734
4733
4731
4729
4727
4725
4724
4722
4720
4718
4716
4714
4713
4711
4709
4707
4705
4704
4702
4700
4698
4696
4694
4693
4691
4689
4687
4685
4684
4682
4680
4678
4676
4674
4673
4671
4669
4667
4665
4663
4662
4660
4658
4656
4654
4653
4651
4649
4647
4645
4643
4642
4640
4638
4636
4634
4633
4631
4629
4627
4625
4623
4622
4620
4618
4616
4614
4613
4611
4609
4607
4605
4603
4602
4600
4598
4596
4594
4593
4591
4589
4587
4585
4583
4582
4580
4578
4576
4574
4573
4571
4569
4567
4565
4563
4562
4560
4558
4556
4554
4553
4551
4549
4547
4545
4543
4542
4540
4538
4536
4534
4533
4531
4529
4527
4525
4523
4522
4520
4518
4516
4514
4513
4511
4509
4507
4505
4503
4502
4500
4498
4496
4494
4493
4491
4489
4487
4485
4483
4482
4480
4478
4476
4474
4473
4471
4469
4467
4465
4463
4462
4460
4458
4456
4454
4453
4451
4449
4447
4445
4443
4442
4440
4438
4436
4434
4433
4431
4429
4427
4425
4423
4422
4420
4418
4416
4414
4413
4411
4409
4407
4405
4403
4402
4400
4398
4396
4394
4393
4391
4389
4387
4385
4384
4382
4380
4378
4376
4374
4373
4371
4369
4367
4365
4364
4362
4360
4358
4356
4354
4353
4351
4349
4347
4345
4344
4342
4340
4338
4336
4335
4333
4331
4329
4327
4325
4324
4322
4320
4318
4316
4315
4313
4311
4309
4307
4306
4304
4302
4300
4298
4296
4295
4293
4291
4289
4287
4286
4284
4282
4280
4278
4277
4275
4273
4271
4269
4268
4266
4264
4262
4260
4258
4257
4255
4253
4251
4249
4248
4246
4244
4242
4240
4239
4237
4235
4233
4231
4230
4228
4226
4224
4222
4221
4219
4217
4215
4213
4211
4210
4208
4206
4204
4202
4201
4199
4197
4195
4193
4192
4190
4188
4186
4184
4183
4181
4179
4177
4175
4174
4172
4170
4168
4166
4165
4163
4161
4159
4157
4156
4154
4152
4150
4148
4146
4145
4143
4141
4139
4137
4136
4134
4132
4130
4128
4127
4125
4123
4121
4119
4118
4116
4114
4112
4110
4109
4107
4105
4103
4101
4100
4098
4096
4094
4092
4091
4089
4087
4085
4083
4082
4080
4078
4076
4074
4073
4071
4069
4067
4065
4064
4062
4060
4058
4056
4055
4053
4051
4049
4047
4046
4044
4042
4040
4039
4037
4035
4033
4031
4030
4028
4026
4024
4022
4021
4019
4017
4015
4013
4012
4010
4008
4006
4004
4003
4001
3999
3997
3995
3994
3992
3990
3988
3986
3985
3983
3981
3979
3978
3976
3974
3972
3970
3969
3967
3965
3963
3961
3960
3958
3956
3954
3952
3951
3949
3947
3945
3944
3942
3940
3938
3936
3935
3933
3931
3929
3927
3926
3924
3922
3920
3919
3917
3915
3913
3911
3910
3908
3906
3904
3902
3901
3899
3897
3895
3894
3892
3890
3888
3886
3885
3883
3881
3879
3877
3876
3874
3872
3870
3869
3867
3865
3863
3861
3860
3858
3856
3854
3853
3851
3849
3847
3845
3844
3842
3840
3838
3837
3835
3833
3831
3829
3828
3826
3824
3822
3821
3819
3817
3815
3813
3812
3810
3808
3806
3805
3803
3801
3799
3797
3796
3794
3792
3790
3789
3787
3785
3783
3781
3780
3778
3776
3774
3773
3771
3769
3767
3766
3764
3762
3760
3758
3757
3755
3753
3751
3750
3748
3746
3744
3743
3741
3739
3737
3735
3734
3732
3730
3728
3727
3725
3723
3721
3720
3718
3716
3714
3712
3711
3709
3707
3705
3704
3702
3700
3698
3697
3695
3693
3691
3690
3688
3686
3684
3682
3681
3679
3677
3675
3674
3672
3670
3668
3667
3665
3663
3661
3660
3658
3656
3654
3653
3651
3649
3647
3646
3644
3642
3640
3638
3637
3635
3633
3631
3630
3628
3626
3624
3623
3621
3619
3617
3616
3614
3612
3610
3609
3607
3605
3603
3602
3600
3598
3596
3595
3593
3591
3589
3588
3586
3584
3582
3581
3579
3577
3575
3574
3572
3570
3568
3567
3565
3563
3561
3560
3558
3556
3554
3553
3551
3549
3547
3546
3544
3542
3540
3539
3537
3535
3533
3532
3530
3528
3526
3525
3523
3521
3520
3518
3516
3514
3513
3511
3509
3507
3506
3504
3502
3500
3499
3497
3495
3493
3492
3490
3488
3486
3485
3483
3481
3480
3478
3476
3474
3473
3471
3469
3467
3466
3464
3462
3460
3459
3457
3455
3453
3452
3450
3448
3447
3445
3443
3441
3440
3438
3436
3434
3433
3431
3429
3428
3426
3424
3422
3421
3419
3417
3415
3414
3412
3410
3409
3407
3405
3403
3402
3400
3398
3396
3395
3393
3391
3390
3388
3386
3384
3383
3381
3379
3377
3376
3374
3372
3371
3369
3367
3365
3364
3362
3360
3359
3357
3355
3353
3352
3350
3348
3347
3345
3343
3341
3340
3338
3336
3335
3333
3331
3329
3328
3326
3324
3323
3321
3319
3317
3316
3314
3312
3311
3309
3307
3305
3304
3302
3300
3299
3297
3295
3293
3292
3290
3288
3287
3285
3283
3281
3280
3278
3276
3275
3273
3271
3270
3268
3266
3264
3263
3261
3259
3258
3256
3254
3252
3251
3249
3247
3246
3244
3242
3241
3239
3237
3235
3234
3232
3230
3229
3227
3225
3224
3222
3220
3219
3217
3215
3213
3212
3210
3208
3207
3205
3203
3202
3200
3198
3196
3195
3193
3191
3190
3188
3186
3185
3183
3181
3180
3178
3176
3174
3173
3171
3169
3168
3166
3164
3163
3161
3159
3158
3156
3154
3153
3151
3149
3148
3146
3144
3142
3141
3139
3137
3136
3134
3132
3131
3129
3127
3126
3124
3122
3121
3119
3117
3116
3114
3112
3111
3109
3107
3105
3104
3102
3100
3099
3097
3095
3094
3092
3090
3089
3087
3085
3084
3082
3080
3079
3077
3075
3074
3072
3070
3069
3067
3065
3064
3062
3060
3059
3057
3055
3054
3052
3050
3049
3047
3045
3044
3042
3040
3039
3037
3035
3034
3032
3030
3029
3027
3025
3024
3022
3020
3019
3017
3015
3014
3012
3010
3009
3007
3005
3004
3002
3000
2999
2997
2996
2994
2992
2991
2989
2987
2986
2984
2982
2981
2979
2977
2976
2974
2972
2971
2969
2967
2966
2964
2962
2961
2959
2958
2956
2954
2953
2951
2949
2948
2946
2944
2943
2941
2939
2938
2936
2934
2933
2931
2930
2928
2926
2925
2923
2921
2920
2918
2916
2915
2913
2911
2910
2908
2907
2905
2903
2902
2900
2898
2897
2895
2893
2892
2890
2889
2887
2885
2884
2882
2880
2879
2877
2876
2874
2872
2871
2869
2867
2866
2864
2862
2861
2859
2858
2856
2854
2853
2851
2849
2848
2846
2845
2843
2841
2840
2838
2836
2835
2833
2832
2830
2828
2827
2825
2823
2822
2820
2819
2817
2815
2814
2812
2811
2809
2807
2806
2804
2802
2801
2799
2798
2796
2794
2793
2791
2790
2788
2786
2785
2783
2781
2780
2778
2777
2775
2773
2772
2770
2769
2767
2765
2764
2762
2761
2759
2757
2756
2754
2753
2751
2749
2748
2746
2744
2743
2741
2740
2738
2736
2735
2733
2732
2730
2728
2727
2725
2724
2722
2720
2719
2717
2716
2714
2712
2711
2709
2708
2706
2705
2703
2701
2700
2698
2697
2695
2693
2692
2690
2689
2687
2685
2684
2682
2681
2679
2677
2676
2674
2673
2671
2670
2668
2666
2665
2663
2662
2660
2658
2657
2655
2654
2652
2651
2649
2647
2646
2644
2643
2641
2639
2638
2636
2635
2633
2632
2630
2628
2627
2625
2624
2622
2621
2619
2617
2616
2614
2613
2611
2610
2608
2606
2605
2603
2602
2600
2599
2597
2595
2594
2592
2591
2589
2588
2586
2584
2583
2581
2580
2578
2577
2575
2574
2572
2570
2569
2567
2566
2564
2563
2561
2559
2558
2556
2555
2553
2552
2550
2549
2547
2545
2544
2542
2541
2539
2538
2536
2535
2533
2531
2530
2528
2527
2525
2524
2522
2521
2519
2518
2516
2514
2513
2511
2510
2508
2507
2505
2504
2502
2501
2499
2497
2496
2494
2493
2491
2490
2488
2487
2485
2484
2482
2480
2479
2477
2476
2474
2473
2471
2470
2468
2467
2465
2464
2462
2461
2459
2457
2456
2454
2453
2451
2450
2448
2447
2445
2444
2442
2441
2439
2438
2436
2434
2433
2431
2430
2428
2427
2425
2424
2422
2421
2419
2418
2416
2415
2413
2412
2410
2409
2407
2406
2404
2403
2401
2399
2398
2396
2395
2393
2392
2390
2389
2387
2386
2384
2383
2381
2380
2378
2377
2375
2374
2372
2371
2369
2368
2366
2365
2363
2362
2360
2359
2357
2356
2354
2353
2351
2350
2348
2347
2345
2344
2342
2341
2339
2338
2336
2335
2333
2332
2330
2329
2327
2326
2324
2323
2321
2320
2318
2317
2315
2314
2312
2311
2309
2308
2306
2305
2303
2302
2300
2299
2297
2296
2294
2293
2291
2290
2288
2287
2285
2284
2282
2281
2279
2278
2276
2275
2274
2272
2271
2269
2268
2266
2265
2263
2262
2260
2259
2257
2256
2254
2253
2251
2250
2248
2247
2245
2244
2243
2241
2240
2238
2237
2235
2234
2232
2231
2229
2228
2226
2225
2223
2222
2220
2219
2218
2216
2215
2213
2212
2210
2209
2207
2206
2204
2203
2201
2200
2199
2197
2196
2194
2193
2191
2190
2188
2187
2185
2184
2182
2181
2180
2178
2177
2175
2174
2172
2171
2169
2168
2167
2165
2164
2162
2161
2159
2158
2156
2155
2153
2152
2151
2149
2148
2146
2145
2143
2142
2140
2139
2138
2136
2135
2133
2132
2130
2129
2128
2126
2125
2123
2122
2120
2119
2117
2116
2115
2113
2112
2110
2109
2107
2106
2105
2103
2102
2100
2099
2097
2096
2095
2093
2092
2090
2089
2087
2086
2085
2083
2082
2080
2079
2077
2076
2075
2073
2072
2070
2069
2068
2066
2065
2063
2062
2060
2059
2058
2056
2055
2053
2052
2051
2049
2048
2046
2045
2043
2042
2041
2039
2038
2036
2035
2034
2032
2031
2029
2028
2027
2025
2024
2022
2021
2020
2018
2017
2015
2014
2013
2011
2010
2008
2007
2006
2004
2003
2001
2000
1999
1997
1996
1994
1993
1992
1990
1989
1987
1986
1985
1983
1982
1980
1979
1978
1976
1975
1974
1972
1971
1969
1968
1967
1965
1964
1962
1961
1960
1958
1957
1956
1954
1953
1951
1950
1949
1947
1946
1944
1943
1942
1940
1939
1938
1936
1935
1933
1932
1931
1929
1928
1927
1925
1924
1922
1921
1920
1918
1917
1916
1914
1913
1912
1910
1909
1907
1906
1905
1903
1902
1901
1899
1898
1897
1895
1894
1892
1891
1890
1888
1887
1886
1884
1883
1882
1880
1879
1878
1876
1875
1873
1872
1871
1869
1868
1867
1865
1864
1863
1861
1860
1859
1857
1856
1855
1853
1852
1851
1849
1848
1846
1845
1844
1842
1841
1840
1838
1837
1836
1834
1833
1832
1830
1829
1828
1826
1825
1824
1822
1821
1820
1818
1817
1816
1814
1813
1812
1810
1809
1808
1806
1805
1804
1802
1801
1800
1798
1797
1796
1794
1793
1792
1790
1789
1788
1786
1785
1784
1783
1781
1780
1779
1777
1776
1775
1773
1772
1771
1769
1768
1767
1765
1764
1763
1761
1760
1759
1758
1756
1755
1754
1752
1751
1750
1748
1747
1746
1744
1743
1742
1741
1739
1738
1737
1735
1734
1733
1731
1730
1729
1727
1726
1725
1724
1722
1721
1720
1718
1717
1716
1714
1713
1712
1711
1709
1708
1707
1705
1704
1703
1702
1700
1699
1698
1696
1695
1694
1693
1691
1690
1689
1687
1686
1685
1684
1682
1681
1680
1678
1677
1676
1675
1673
1672
1671
1669
1668
1667
1666
1664
1663
1662
1661
1659
1658
1657
1655
1654
1653
1652
1650
1649
1648
1647
1645
1644
1643
1641
1640
1639
1638
1636
1635
1634
1633
1631
1630
1629
1628
1626
1625
1624
1623
1621
1620
1619
1617
1616
1615
1614
1612
1611
1610
1609
1607
1606
1605
1604
1602
1601
1600
1599
1597
1596
1595
1594
1592
1591
1590
1589
1587
1586
1585
1584
1582
1581
1580
1579
1578
1576
1575
1574
1573
1571
1570
1569
1568
1566
1565
1564
1563
1561
1560
1559
1558
1556
1555
1554
1553
1552
1550
1549
1548
1547
1545
1544
1543
1542
1541
1539
1538
1537
1536
1534
1533
1532
1531
1529
1528
1527
1526
1525
1523
1522
1521
1520
1519
1517
1516
1515
1514
1512
1511
1510
1509
1508
1506
1505
1504
1503
1502
1500
1499
1498
1497
1495
1494
1493
1492
1491
1489
1488
1487
1486
1485
1483
1482
1481
1480
1479
1477
1476
1475
1474
1473
1471
1470
1469
1468
1467
1465
1464
1463
1462
1461
1460
1458
1457
1456
1455
1454
1452
1451
1450
1449
1448
1446
1445
1444
1443
1442
1441
1439
1438
1437
1436
1435
1433
1432
1431
1430
1429
1428
1426
1425
1424
1423
1422
1420
1419
1418
1417
1416
1415
1413
1412
1411
1410
1409
1408
1406
1405
1404
1403
1402
1401
1399
1398
1397
1396
1395
1394
1392
1391
1390
1389
1388
1387
1385
1384
1383
1382
1381
1380
1378
1377
1376
1375
1374
1373
1372
1370
1369
1368
1367
1366
1365
1364
1362
1361
1360
1359
1358
1357
1355
1354
1353
1352
1351
1350
1349
1347
1346
1345
1344
1343
1342
1341
1339
1338
1337
1336
1335
1334
1333
1332
1330
1329
1328
1327
1326
1325
1324
1322
1321
1320
1319
1318
1317
1316
1315
1313
1312
1311
1310
1309
1308
1307
1306
1304
1303
1302
1301
1300
1299
1298
1297
1295
1294
1293
1292
1291
1290
1289
1288
1287
1285
1284
1283
1282
1281
1280
1279
1278
1277
1275
1274
1273
1272
1271
1270
1269
1268
1267
1265
1264
1263
1262
1261
1260
1259
1258
1257
1256
1254
1253
1252
1251
1250
1249
1248
1247
1246
1245
1244
1242
1241
1240
1239
1238
1237
1236
1235
1234
1233
1232
1230
1229
1228
1227
1226
1225
1224
1223
1222
1221
1220
1219
1217
1216
1215
1214
1213
1212
1211
1210
1209
1208
1207
1206
1205
1203
1202
1201
1200
1199
1198
1197
1196
1195
1194
1193
1192
1191
1190
1188
1187
1186
1185
1184
1183
1182
1181
1180
1179
1178
1177
1176
1175
1174
1173
1171
1170
1169
1168
1167
1166
1165
1164
1163
1162
1161
1160
1159
1158
1157
1156
1155
1154
1152
1151
1150
1149
1148
1147
1146
1145
1144
1143
1142
1141
1140
1139
1138
1137
1136
1135
1134
1133
1132
1131
1130
1129
1127
1126
1125
1124
1123
1122
1121
1120
1119
1118
1117
1116
1115
1114
1113
1112
1111
1110
1109
1108
1107
1106
1105
1104
1103
1102
1101
1100
1099
1098
1097
1096
1095
1094
1093
1092
1091
1090
1089
1088
1086
1085
1084
1083
1082
1081
1080
1079
1078
1077
1076
1075
1074
1073
1072
1071
1070
1069
1068
1067
1066
1065
1064
1063
1062
1061
1060
1059
1058
1057
1056
1055
1054
1053
1052
1051
1050
1049
1048
1047
1046
1045
1044
1043
1042
1041
1040
1039
1038
1037
1036
1035
1034
1033
1032
1032
1031
1030
1029
1028
1027
1026
1025
1024
1023
1022
1021
1020
1019
1018
1017
1016
1015
1014
1013
1012
1011
1010
1009
1008
1007
1006
1005
1004
1003
1002
1001
1000
999
998
997
996
995
994
993
993
992
991
990
989
988
987
986
985
984
983
982
981
980
979
978
977
976
975
974
973
972
971
970
970
969
968
967
966
965
964
963
962
961
960
959
958
957
956
955
954
953
953
952
951
950
949
948
947
946
945
944
943
942
941
940
939
938
938
937
936
935
934
933
932
931
930
929
928
927
926
925
925
924
923
922
921
920
919
918
917
916
915
914
913
913
912
911
910
909
908
907
906
905
904
903
902
902
901
900
899
898
897
896
895
894
893
892
892
891
890
889
888
887
886
885
884
883
883
882
881
880
879
878
877
876
875
874
874
873
872
871
870
869
868
867
866
865
865
864
863
862
861
860
859
858
858
857
856
855
854
853
852
851
850
850
849
848
847
846
845
844
843
843
842
841
840
839
838
837
836
836
835
834
833
832
831
830
829
829
828
827
826
825
824
823
822
822
821
820
819
818
817
816
816
815
814
813
812
811
810
810
809
808
807
806
805
804
804
803
802
801
800
799
798
798
797
796
795
794
793
793
792
791
790
789
788
787
787
786
785
784
783
782
782
781
780
779
778
777
777
776
775
774
773
772
772
771
770
769
768
767
767
766
765
764
763
762
762
761
760
759
758
757
757
756
755
754
753
753
752
751
750
749
748
748
747
746
745
744
744
743
742
741
740
739
739
738
737
736
735
735
734
733
732
731
731
730
729
728
727
727
726
725
724
723
723
722
721
720
719
719
718
717
716
715
715
714
713
712
711
711
710
709
708
707
707
706
705
704
703
703
702
701
700
700
699
698
697
696
696
695
694
693
692
692
691
690
689
689
688
687
686
685
685
684
683
682
682
681
680
679
679
678
677
676
675
675
674
673
672
672
671
670
669
669
668
667
666
665
665
664
663
662
662
661
660
659
659
658
657
656
656
655
654
653
653
652
651
650
650
649
648
647
647
646
645
644
644
643
642
641
641
640
639
638
638
637
636
635
635
634
633
632
632
631
630
629
629
628
627
627
626
625
624
624
623
622
621
621
620
619
618
618
617
616
616
615
614
613
613
612
611
610
610
609
608
608
607
606
605
605
604
603
603
602
601
600
600
599
598
597
597
596
595
595
594
593
592
592
591
590
590
589
588
588
587
586
585
585
584
583
583
582
581
580
580
579
578
578
577
576
576
575
574
573
573
572
571
571
570
569
569
568
567
567
566
565
564
564
563
562
562
561
560
560
559
558
558
557
556
556
555
554
553
553
552
551
551
550
549
549
548
547
547
546
545
545
544
543
543
542
541
541
540
539
539
538
537
537
536
535
535
534
533
533
532
531
531
530
529
529
528
527
527
526
525
525
524
523
523
522
521
521
520
519
519
518
517
517
516
515
515
514
513
513
512
511
511
510
510
509
508
508
507
506
506
505
504
504
503
502
502
501
500
500
499
499
498
497
497
496
495
495
494
493
493
492
492
491
490
490
489
488
488
487
486
486
485
485
484
483
483
482
481
481
480
480
479
478
478
477
476
476
475
475
474
473
473
472
471
471
470
470
469
468
468
467
467
466
465
465
464
463
463
462
462
461
460
460
459
459
458
457
457
456
456
455
454
454
453
453
452
451
451
450
450
449
448
448
447
447
446
445
445
444
444
443
442
442
441
441
440
439
439
438
438
437
436
436
435
435
434
433
433
432
432
431
431
430
429
429
428
428
427
426
426
425
425
424
424
423
422
422
421
421
420
420
419
418
418
417
417
416
416
415
414
414
413
413
412
412
411
410
410
409
409
408
408
407
406
406
405
405
404
404
403
402
402
401
401
400
400
399
399
398
397
397
396
396
395
395
394
394
393
392
392
391
391
390
390
389
389
388
387
387
386
386
385
385
384
384
383
383
382
381
381
380
380
379
379
378
378
377
377
376
376
375
374
374
373
373
372
372
371
371
370
370
369
369
368
368
367
366
366
365
365
364
364
363
363
362
362
361
361
360
360
359
359
358
358
357
356
356
355
355
354
354
353
353
352
352
351
351
350
350
349
349
348
348
347
347
346
346
345
345
344
344
343
343
342
342
341
341
340
340
339
339
338
338
337
337
336
336
335
335
334
334
333
333
332
332
331
331
330
330
329
329
328
328
327
327
326
326
325
325
324
324
323
323
322
322
321
321
320
320
319
319
318
318
317
317
316
316
315
315
314
314
313
313
313
312
312
311
311
310
310
309
309
308
308
307
307
306
306
305
305
304
304
303
303
303
302
302
301
301
300
300
299
299
298
298
297
297
296
296
296
295
295
294
294
293
293
292
292
291
291
291
290
290
289
289
288
288
287
287
286
286
285
285
285
284
284
283
283
282
282
281
281
281
280
280
279
279
278
278
277
277
277
276
276
275
275
274
274
273
273
273
272
272
271
271
270
270
269
269
269
268
268
267
267
266
266
266
265
265
264
264
263
263
263
262
262
261
261
260
260
260
259
259
258
258
257
257
257
256
256
255
255
254
254
254
253
253
252
252
252
251
251
250
250
249
249
249
248
248
247
247
247
246
246
245
245
245
244
244
243
243
242
242
242
241
241
240
240
240
239
239
238
238
238
237
237
236
236
236
235
235
234
234
234
233
233
232
232
232
231
231
230
230
230
229
229
228
228
228
227
227
226
226
226
225
225
225
224
224
223
223
223
222
222
221
221
221
220
220
220
219
219
218
218
218
217
217
216
216
216
215
215
215
214
214
213
213
213
212
212
212
211
211
210
210
210
209
209
209
208
208
207
207
207
206
206
206
205
205
205
204
204
203
203
203
202
202
202
201
201
201
200
200
199
199
199
198
198
198
197
197
197
196
196
196
195
195
194
194
194
193
193
193
192
192
192
191
191
191
190
190
190
189
189
188
188
188
187
187
187
186
186
186
185
185
185
184
184
184
183
183
183
182
182
182
181
181
181
180
180
180
179
179
179
178
178
178
177
177
177
176
176
176
175
175
175
174
174
174
173
173
173
172
172
172
171
171
171
170
170
170
169
169
169
168
168
168
167
167
167
166
166
166
165
165
165
164
164
164
164
163
163
163
162
162
162
161
161
161
160
160
160
159
159
159
159
158
158
158
157
157
157
156
156
156
155
155
155
154
154
154
154
153
153
153
152
152
152
151
151
151
151
150
150
150
149
149
149
148
148
148
148
147
147
147
146
146
146
145
145
145
145
144
144
144
143
143
143
143
142
142
142
141
141
141
141
140
140
140
139
139
139
139
138
138
138
137
137
137
137
136
136
136
135
135
135
135
134
134
134
133
133
133
133
132
132
132
132
131
131
131
130
130
130
130
129
129
129
129
128
128
128
127
127
127
127
126
126
126
126
125
125
125
124
124
124
124
123
123
123
123
122
122
122
122
121
121
121
121
120
120
120
119
119
119
119
118
118
118
118
117
117
117
117
116
116
116
116
115
115
115
115
114
114
114
114
113
113
113
113
112
112
112
112
111
111
111
111
110
110
110
110
109
109
109
109
108
108
108
108
107
107
107
107
107
106
106
106
106
105
105
105
105
104
104
104
104
103
103
103
103
102
102
102
102
102
101
101
101
101
100
100
100
100
99
99
99
99
99
98
98
98
98
97
97
97
97
96
96
96
96
96
95
95
95
95
94
94
94
94
94
93
93
93
93
92
92
92
92
92
91
91
91
91
91
90
90
90
90
89
89
89
89
89
88
88
88
88
88
87
87
87
87
86
86
86
86
86
85
85
85
85
85
84
84
84
84
84
83
83
83
83
83
82
82
82
82
82
81
81
81
81
81
80
80
80
80
80
79
79
79
79
79
78
78
78
78
78
77
77
77
77
77
76
76
76
76
76
75
75
75
75
75
74
74
74
74
74
74
73
73
73
73
73
72
72
72
72
72
71
71
71
71
71
71
70
70
70
70
70
69
69
69
69
69
69
68
68
68
68
68
67
67
67
67
67
67
66
66
66
66
66
65
65
65
65
65
65
64
64
64
64
64
64
63
63
63
63
63
63
62
62
62
62
62
62
61
61
61
61
61
61
60
60
60
60
60
60
59
59
59
59
59
59
58
58
58
58
58
58
57
57
57
57
57
57
56
56
56
56
56
56
56
55
55
55
55
55
55
54
54
54
54
54
54
54
53
53
53
53
53
53
52
52
52
52
52
52
52
51
51
51
51
51
51
50
50
50
50
50
50
50
49
49
49
49
49
49
49
48
48
48
48
48
48
48
47
47
47
47
47
47
47
46
46
46
46
46
46
46
45
45
45
45
45
45
45
45
44
44
44
44
44
44
44
43
43
43
43
43
43
43
43
42
42
42
42
42
42
42
41
41
41
41
41
41
41
41
40
40
40
40
40
40
40
40
39
39
39
39
39
39
39
39
38
38
38
38
38
38
38
38
37
37
37
37
37
37
37
37
37
36
36
36
36
36
36
36
36
35
35
35
35
35
35
35
35
35
34
34
34
34
34
34
34
34
33
33
33
33
33
33
33
33
33
32
32
32
32
32
32
32
32
32
31
31
31
31
31
31
31
31
31
31
30
30
30
30
30
30
30
30
30
29
29
29
29
29
29
29
29
29
29
28
28
28
28
28
28
28
28
28
28
27
27
27
27
27
27
27
27
27
27
26
26
26
26
26
26
26
26
26
26
26
25
25
25
25
25
25
25
25
25
25
24
24
24
24
24
24
24
24
24
24
24
24
23
23
23
23
23
23
23
23
23
23
23
22
22
22
22
22
22
22
22
22
22
22
22
21
21
21
21
21
21
21
21
21
21
21
21
20
20
20
20
20
20
20
20
20
20
20
20
19
19
19
19
19
19
19
19
19
19
19
19
19
18
18
18
18
18
18
18
18
18
18
18
18
18
17
17
17
17
17
17
17
17
17
17
17
17
17
17
16
16
16
16
16
16
16
16
16
16
16
16
16
16
16
15
15
15
15
15
15
15
15
15
15
15
15
15
15
15
14
14
14
14
14
14
14
14
14
14
14
14
14
14
14
14
13
13
13
13
13
13
13
13
13
13
13
13
13
13
13
13
12
12
12
12
12
12
12
12
12
12
12
12
12
12
12
12
12
12
11
11
11
11
11
11
11
11
11
11
11
11
11
11
11
11
11
11
10
10
10
10
10
10
10
10
10
10
10
10
10
10
10
10
10
10
10
10
9
9
9
9
9
9
9
9
9
9
9
9
9
9
9
9
9
9
9
9
9
8
8
8
8
8
8
8
8
8
8
8
8
8
8
8
8
8
8
8
8
8
8
8
7
7
7
7
7
7
7
7
7
7
7
7
7
7
7
7
7
7
7
7
7
7
7
7
7
6
6
6
6
6
6
6
6
6
6
6
6
6
6
6
6
6
6
6
6
6
6
6
6
6
6
6
6
5
5
5
5
5
5
5
5
5
5
5
5
5
5
5
5
5
5
5
5
5
5
5
5
5
5
5
5
5
5
5
4
4
4
4
4
4
4
4
4
4
4
4
4
4
4
4
4
4
4
4
4
4
4
4
4
4
4
4
4
4
4
4
4
4
4
4
3
3
3
3
3
3
3
3
3
3
3
3
3
3
3
3
3
3
3
3
3
3
3
3
3
3
3
3
3
3
3
3
3
3
3
3
3
3
3
3
3
3
3
3
2
2
2
2
2
2
2
2
2
2
2
2
2
2
2
2
2
2
2
2
2
2
2
2
2
2
2
2
2
2
2
2
2
2
2
2
2
2
2
2
2
2
2
2
2
2
2
2
2
2
2
2
2
2
2
2
2
2
2
1
1
1
1
1
1
1
1
1
1
1
1
1
1
1
1
1
1
1
1
1
1
1
1
1
1
1
1
1
1
1
1
1
1
1
1
1
1
1
1
1
1
1
1
1
1
1
1
1
1
1
1
1
1
1
1
1
1
1
1
1
1
1
1
1
1
1
1
1
1
1
1
1
1
1
1
1
1
1
1
1
1
1
1
1
1
1
1
1
1
1
1
1
1
1
1
0
0
0
0
0
0
0
0
0
0
0
0
0
0
0
0
0
0
0
0
0
0
0
0
0
0
0
0
0
0
0
0
0
0
0
0
0
0
0
0
0
0
0
0
0
0
0
0
0
0
0
0
0
0
0
0
0
0
0
0
0
0
0
0
0
0
0
0
0
0
0
0
0
0
0
0
0
0
0
0
0
0
0
0
0
0
0
0
0
0
0
0
0
0
0
0
0
0
0
0
0
0
0
0
0
0
0
0
0
0
0
0
0
0
0
0
0
0
0
0
0
0
0
0
0
0
0
0
0
0
0
0
0
0
0
0
0
0
0
0
0
0
0
0
0
0
0
0
0
0
0
0
0
0
0
0
0
0
0
0
0
0
0
0
0
0
0
0
0
0
0
0
0
0
0
0
0
0
0
0
0
0
0
0
0
0
0
0
0
0
0
0
0
0
0
0
0
0
0
0
0
0
0
0
0
0
0
0
0
0
0
0
0
0
0
0
0
