250
2
2
2
2
2
2
2
2
2
2
2
2
2
2
2
2
2
2
2
2
2
2
3
3
3
3
3
3
3
3
3
3
3
3
3
3
3
3
3
3
3
3
3
3
3
3
3
3
3
3
3
3
3
3
3
3
3
3
3
3
3
3
3
3
3
3
3
3
3
3
3
3
3
3
3
3
3
3
3
3
3
3
3
3
3
3
3
3
3
3
3
3
3
3
3
3
3
3
3
3
3
3
3
4
4
4
4
4
4
4
4
4
4
4
4
4
4
4
4
4
4
4
4
4
4
4
4
4
4
4
4
4
4
4
4
4
4
4
4
4
4
4
4
4
4
4
4
4
4
4
4
4
4
4
4
4
4
4
4
4
4
4
4
4
4
4
4
4
4
4
5
5
5
5
5
5
5
5
5
5
5
5
5
5
5
5
5
5
5
5
5
5
5
5
5
5
5
5
5
5
5
5
5
5
5
5
5
5
5
5
5
5
5
5
5
5
5
5
5
5
5
5
5
5
5
5
5
6
6
6
6
6
6
6
6
6
6
6
6
6
6
6
6
6
6
6
6
6
6
6
6
6
6
6
6
6
6
6
6
6
6
6
6
6
6
6
6
6
6
6
6
6
6
6
6
6
6
7
7
7
7
7
7
7
7
7
7
7
7
7
7
7
7
7
7
7
7
7
7
7
7
7
7
7
7
7
7
7
7
7
7
7
7
7
7
7
7
7
7
7
7
7
8
8
8
8
8
8
8
8
8
8
8
8
8
8
8
8
8
8
8
8
8
8
8
8
8
8
8
8
8
8
8
8
8
8
8
8
8
8
8
8
8
9
9
9
9
9
9
9
9
9
9
9
9
9
9
9
9
9
9
9
9
9
9
9
9
9
9
9
9
9
9
9
9
9
9
9
9
9
10
10
10
10
10
10
10
10
10
10
10
10
10
10
10
10
10
10
10
10
10
10
10
10
10
10
10
10
10
10
10
10
10
10
11
11
11
11
11
11
11
11
11
11
11
11
11
11
11
11
11
11
11
11
11
11
11
11
11
11
11
11
11
11
11
11
11
12
12
12
12
12
12
12
12
12
12
12
12
12
12
12
12
12
12
12
12
12
12
12
12
12
12
12
12
12
12
13
13
13
13
13
13
13
13
13
13
13
13
13
13
13
13
13
13
13
13
13
13
13
13
13
13
13
13
14
14
14
14
14
14
14
14
14
14
14
14
14
14
14
14
14
14
14
14
14
14
14
14
14
14
14
15
15
15
15
15
15
15
15
15
15
15
15
15
15
15
15
15
15
15
15
15
15
15
15
15
16
16
16
16
16
16
16
16
16
16
16
16
16
16
16
16
16
16
16
16
16
16
16
16
16
17
17
17
17
17
17
17
17
17
17
17
17
17
17
17
17
17
17
17
17
17
17
17
18
18
18
18
18
18
18
18
18
18
18
18
18
18
18
18
18
18
18
18
18
18
19
19
19
19
19
19
19
19
19
19
19
19
19
19
19
19
19
19
19
19
19
20
20
20
20
20
20
20
20
20
20
20
20
20
20
20
20
20
20
20
20
20
21
21
21
21
21
21
21
21
21
21
21
21
21
21
21
21
21
21
21
21
22
22
22
22
22
22
22
22
22
22
22
22
22
22
22
22
22
22
22
23
23
23
23
23
23
23
23
23
23
23
23
23
23
23
23
23
23
24
24
24
24
24
24
24
24
24
24
24
24
24
24
24
24
24
24
25
25
25
25
25
25
25
25
25
25
25
25
25
25
25
25
25
26
26
26
26
26
26
26
26
26
26
26
26
26
26
26
26
26
27
27
27
27
27
27
27
27
27
27
27
27
27
27
27
27
28
28
28
28
28
28
28
28
28
28
28
28
28
28
28
28
29
29
29
29
29
29
29
29
29
29
29
29
29
29
29
30
30
30
30
30
30
30
30
30
30
30
30
30
30
30
31
31
31
31
31
31
31
31
31
31
31
31
31
31
31
32
32
32
32
32
32
32
32
32
32
32
32
32
32
33
33
33
33
33
33
33
33
33
33
33
33
33
33
34
34
34
34
34
34
34
34
34
34
34
34
34
34
35
35
35
35
35
35
35
35
35
35
35
35
35
36
36
36
36
36
36
36
36
36
36
36
36
36
37
37
37
37
37
37
37
37
37
37
37
37
37
38
38
38
38
38
38
38
38
38
38
38
38
38
39
39
39
39
39
39
39
39
39
39
39
39
40
40
40
40
40
40
40
40
40
40
40
40
41
41
41
41
41
41
41
41
41
41
41
41
42
42
42
42
42
42
42
42
42
42
42
43
43
43
43
43
43
43
43
43
43
43
43
44
44
44
44
44
44
44
44
44
44
44
45
45
45
45
45
45
45
45
45
45
45
46
46
46
46
46
46
46
46
46
46
47
47
47
47
47
47
47
47
47
47
47
48
48
48
48
48
48
48
48
48
48
49
49
49
49
49
49
49
49
49
49
49
50
50
50
50
50
50
50
50
50
50
51
51
51
51
51
51
51
51
51
51
52
52
52
52
52
52
52
52
52
52
53
53
53
53
53
53
53
53
53
54
54
54
54
54
54
54
54
54
54
55
55
55
55
55
55
55
55
55
56
56
56
56
56
56
56
56
56
57
57
57
57
57
57
57
57
57
57
58
58
58
58
58
58
58
58
58
59
59
59
59
59
59
59
59
59
60
60
60
60
60
60
60
60
61
61
61
61
61
61
61
61
61
62
62
62
62
62
62
62
62
63
63
63
63
63
63
63
63
63
64
64
64
64
64
64
64
64
65
65
65
65
65
65
65
65
65
66
66
66
66
66
66
66
66
67
67
67
67
67
67
67
67
68
68
68
68
68
68
68
68
69
69
69
69
69
69
69
69
70
70
70
70
70
70
70
71
71
71
71
71
71
71
71
72
72
72
72
72
72
72
72
73
73
73
73
73
73
73
74
74
74
74
74
74
74
74
75
75
75
75
75
75
75
76
76
76
76
76
76
76
77
77
77
77
77
77
77
77
78
78
78
78
78
78
78
79
79
79
79
79
79
79
80
80
80
80
80
80
80
81
81
81
81
81
81
81
82
82
82
82
82
82
82
83
83
83
83
83
83
84
84
84
84
84
84
84
85
85
85
85
85
85
85
86
86
86
86
86
86
86
87
87
87
87
87
87
88
88
88
88
88
88
88
89
89
89
89
89
89
90
90
90
90
90
90
90
91
91
91
91
91
91
92
92
92
92
92
92
93
93
93
93
93
93
94
94
94
94
94
94
94
95
95
95
95
95
95
96
96
96
96
96
96
97
97
97
97
97
97
98
98
98
98
98
98
99
99
99
99
99
99
100
100
100
100
100
100
101
101
101
101
101
101
102
102
102
102
102
103
103
103
103
103
103
104
104
104
104
104
104
105
105
105
105
105
105
106
106
106
106
106
107
107
107
107
107
107
108
108
108
108
108
109
109
109
109
109
109
110
110
110
110
110
111
111
111
111
111
111
112
112
112
112
112
113
113
113
113
113
113
114
114
114
114
114
115
115
115
115
115
116
116
116
116
116
117
117
117
117
117
117
118
118
118
118
118
119
119
119
119
119
120
120
120
120
120
121
121
121
121
121
122
122
122
122
122
123
123
123
123
123
124
124
124
124
124
125
125
125
125
125
126
126
126
126
126
127
127
127
127
127
128
128
128
128
128
129
129
129
129
129
130
130
130
130
130
131
131
131
131
132
132
132
132
132
133
133
133
133
133
134
134
134
134
134
135
135
135
135
136
136
136
136
136
137
137
137
137
137
138
138
138
138
139
139
139
139
139
140
140
140
140
141
141
141
141
141
142
142
142
142
143
143
143
143
143
144
144
144
144
145
145
145
145
145
146
146
146
146
147
147
147
147
148
148
148
148
148
149
149
149
149
150
150
150
150
151
151
151
151
151
152
152
152
152
153
153
153
153
154
154
154
154
155
155
155
155
155
156
156
156
156
157
157
157
157
158
158
158
158
159
159
159
159
160
160
160
160
161
161
161
161
162
162
162
162
162
163
163
163
163
164
164
164
164
165
165
165
165
166
166
166
166
167
167
167
167
168
168
168
168
169
169
169
170
170
170
170
171
171
171
171
172
172
172
172
173
173
173
173
174
174
174
174
175
175
175
175
176
176
176
177
177
177
177
178
178
178
178
179
179
179
179
180
180
180
180
181
181
181
182
182
182
182
183
183
183
183
184
184
184
185
185
185
185
186
186
186
186
187
187
187
188
188
188
188
189
189
189
189
190
190
190
191
191
191
191
192
192
192
193
193
193
193
194
194
194
195
195
195
195
196
196
196
197
197
197
197
198
198
198
199
199
199
199
200
200
200
201
201
201
201
202
202
202
203
203
203
203
204
204
204
205
205
205
206
206
206
206
207
207
207
208
208
208
209
209
209
209
210
210
210
211
211
211
212
212
212
212
213
213
213
214
214
214
215
215
215
215
216
216
216
217
217
217
218
218
218
219
219
219
219
220
220
220
221
221
221
222
222
222
223
223
223
224
224
224
224
225
225
225
226
226
226
227
227
227
228
228
228
229
229
229
230
230
230
231
231
231
232
232
232
233
233
233
233
234
234
234
235
235
235
236
236
236
237
237
237
238
238
238
239
239
239
240
240
240
241
241
241
242
242
242
243
243
243
244
244
244
245
245
245
246
246
246
247
247
247
248
248
249
249
249
250
250
250
251
251
251
252
252
252
253
253
253
254
254
254
255
255
255
256
256
256
257
257
258
258
258
259
259
259
260
260
260
261
261
261
262
262
262
263
263
264
264
264
265
265
265
266
266
266
267
267
267
268
268
269
269
269
270
270
270
271
271
271
272
272
273
273
273
274
274
274
275
275
276
276
276
277
277
277
278
278
279
279
279
280
280
280
281
281
282
282
282
283
283
283
284
284
285
285
285
286
286
286
287
287
288
288
288
289
289
289
290
290
291
291
291
292
292
293
293
293
294
294
295
295
295
296
296
296
297
297
298
298
298
299
299
300
300
300
301
301
302
302
302
303
303
304
304
304
305
305
306
306
306
307
307
308
308
308
309
309
310
310
310
311
311
312
312
312
313
313
314
314
314
315
315
316
316
316
317
317
318
318
319
319
319
320
320
321
321
321
322
322
323
323
324
324
324
325
325
326
326
326
327
327
328
328
329
329
329
330
330
331
331
332
332
332
333
333
334
334
335
335
335
336
336
337
337
338
338
338
339
339
340
340
341
341
341
342
342
343
343
344
344
344
345
345
346
346
347
347
348
348
348
349
349
350
350
351
351
352
352
352
353
353
354
354
355
355
356
356
356
357
357
358
358
359
359
360
360
361
361
361
362
362
363
363
364
364
365
365
366
366
366
367
367
368
368
369
369
370
370
371
371
372
372
372
373
373
374
374
375
375
376
376
377
377
378
378
379
379
379
380
380
381
381
382
382
383
383
384
384
385
385
386
386
387
387
388
388
388
389
389
390
390
391
391
392
392
393
393
394
394
395
395
396
396
397
397
398
398
399
399
400
400
401
401
402
402
403
403
404
404
405
405
406
406
407
407
408
408
408
409
409
410
410
411
411
412
412
413
413
414
414
415
416
416
417
417
418
418
419
419
420
420
421
421
422
422
423
423
424
424
425
425
426
426
427
427
428
428
429
429
430
430
431
431
432
432
433
433
434
434
435
435
436
437
437
438
438
439
439
440
440
441
441
442
442
443
443
444
444
445
445
446
447
447
448
448
449
449
450
450
451
451
452
452
453
454
454
455
455
456
456
457
457
458
458
459
459
460
461
461
462
462
463
463
464
464
465
465
466
467
467
468
468
469
469
470
470
471
472
472
473
473
474
474
475
475
476
477
477
478
478
479
479
480
480
481
482
482
483
483
484
484
485
485
486
487
487
488
488
489
489
490
491
491
492
492
493
493
494
495
495
496
496
497
497
498
499
499
500
500
501
502
502
503
503
504
504
505
506
506
507
507
508
508
509
510
510
511
511
512
513
513
514
514
515
516
516
517
517
518
519
519
520
520
521
521
522
523
523
524
524
525
526
526
527
527
528
529
529
530
530
531
532
532
533
533
534
535
535
536
537
537
538
538
539
540
540
541
541
542
543
543
544
544
545
546
546
547
548
548
549
549
550
551
551
552
553
553
554
554
555
556
556
557
558
558
559
559
560
561
561
562
563
563
564
564
565
566
566
567
568
568
569
569
570
571
571
572
573
573
574
575
575
576
577
577
578
578
579
580
580
581
582
582
583
584
584
585
586
586
587
587
588
589
589
590
591
591
592
593
593
594
595
595
596
597
597
598
599
599
600
601
601
602
603
603
604
605
605
606
607
607
608
609
609
610
611
611
612
613
613
614
615
615
616
617
617
618
619
619
620
621
621
622
623
623
624
625
625
626
627
627
628
629
629
630
631
632
632
633
634
634
635
636
636
637
638
638
639
640
640
641
642
643
643
644
645
645
646
647
647
648
649
650
650
651
652
652
653
654
654
655
656
657
657
658
659
659
660
661
662
662
663
664
664
665
666
666
667
668
669
669
670
671
671
672
673
674
674
675
676
677
677
678
679
679
680
681
682
682
683
684
684
685
686
687
687
688
689
690
690
691
692
692
693
694
695
695
696
697
698
698
699
700
701
701
702
703
704
704
705
706
706
707
708
709
709
710
711
712
712
713
714
715
715
716
717
718
718
719
720
721
721
722
723
724
724
725
726
727
727
728
729
730
731
731
732
733
734
734
735
736
737
737
738
739
740
740
741
742
743
744
744
745
746
747
747
748
749
750
750
751
752
753
754
754
755
756
757
757
758
759
760
761
761
762
763
764
765
765
766
767
768
768
769
770
771
772
772
773
774
775
776
776
777
778
779
780
780
781
782
783
784
784
785
786
787
788
788
789
790
791
792
792
793
794
795
796
796
797
798
799
800
800
801
802
803
804
805
805
806
807
808
809
809
810
811
812
813
814
814
815
816
817
818
818
819
820
821
822
823
823
824
825
826
827
828
828
829
830
831
832
833
833
834
835
836
837
838
838
839
840
841
842
843
843
844
845
846
847
848
849
849
850
851
852
853
854
854
855
856
857
858
859
860
860
861
862
863
864
865
866
866
867
868
869
870
871
872
872
873
874
875
876
877
878
878
879
880
881
882
883
884
885
885
886
887
888
889
890
891
892
892
893
894
895
896
897
898
899
899
900
901
902
903
904
905
906
906
907
908
909
910
911
912
913
914
914
915
916
917
918
919
920
921
922
923
923
924
925
926
927
928
929
930
931
932
932
933
934
935
936
937
938
939
940
941
941
942
943
944
945
946
947
948
949
950
951
952
952
953
954
955
956
957
958
959
960
961
962
963
963
964
965
966
967
968
969
970
971
972
973
974
975
976
976
977
978
979
980
981
982
983
984
985
986
987
988
989
990
990
991
992
993
994
995
996
997
998
999
1000
1001
1002
1003
1004
1005
1006
1007
1008
1008
1009
1010
1011
1012
1013
1014
1015
1016
1017
1018
1019
1020
1021
1022
1023
1024
1025
1026
1027
1028
1029
1030
1031
1032
1032
1033
1034
1035
1036
1037
1038
1039
1040
1041
1042
1043
1044
1045
1046
1047
1048
1049
1050
1051
1052
1053
1054
1055
1056
1057
1058
1059
1060
1061
1062
1063
1064
1065
1066
1067
1068
1069
1070
1071
1072
1073
1074
1075
1076
1077
1078
1079
1080
1081
1082
1083
1084
1085
1086
1087
1088
1089
1090
1091
1092
1093
1094
1095
1096
1097
1098
1099
1100
1101
1102
1103
1104
1105
1106
1107
1108
1109
1110
1111
1112
1113
1114
1115
1116
1117
1118
1119
1120
1121
1122
1123
1124
1125
1126
1127
1128
1129
1130
1131
1132
1133
1134
1136
1137
1138
1139
1140
1141
1142
1143
1144
1145
1146
1147
1148
1149
1150
1151
1152
1153
1154
1155
1156
1157
1158
1159
1160
1162
1163
1164
1165
1166
1167
1168
1169
1170
1171
1172
1173
1174
1175
1176
1177
1178
1179
1181
1182
1183
1184
1185
1186
1187
1188
1189
1190
1191
1192
1193
1194
1195
1196
1198
1199
1200
1201
1202
1203
1204
1205
1206
1207
1208
1209
1210
1212
1213
1214
1215
1216
1217
1218
1219
1220
1221
1222
1223
1224
1226
1227
1228
1229
1230
1231
1232
1233
1234
1235
1236
1238
1239
1240
1241
1242
1243
1244
1245
1246
1247
1249
1250
1251
1252
1253
1254
1255
1256
1257
1258
1260
1261
1262
1263
1264
1265
1266
1267
1268
1270
1271
1272
1273
1274
1275
1276
1277
1278
1280
1281
1282
1283
1284
1285
1286
1287
1289
1290
1291
1292
1293
1294
1295
1296
1298
1299
1300
1301
1302
1303
1304
1305
1307
1308
1309
1310
1311
1312
1313
1315
1316
1317
1318
1319
1320
1321
1323
1324
1325
1326
1327
1328
1329
1331
1332
1333
1334
1335
1336
1337
1339
1340
1341
1342
1343
1344
1345
1347
1348
1349
1350
1351
1352
1354
1355
1356
1357
1358
1359
1361
1362
1363
1364
1365
1366
1368
1369
1370
1371
1372
1373
1375
1376
1377
1378
1379
1380
1382
1383
1384
1385
1386
1387
1389
1390
1391
1392
1393
1395
1396
1397
1398
1399
1400
1402
1403
1404
1405
1406
1408
1409
1410
1411
1412
1414
1415
1416
1417
1418
1420
1421
1422
1423
1424
1425
1427
1428
1429
1430
1432
1433
1434
1435
1436
1438
1439
1440
1441
1442
1444
1445
1446
1447
1448
1450
1451
1452
1453
1454
1456
1457
1458
1459
1461
1462
1463
1464
1465
1467
1468
1469
1470
1472
1473
1474
1475
1476
1478
1479
1480
1481
1483
1484
1485
1486
1487
1489
1490
1491
1492
1494
1495
1496
1497
1499
1500
1501
1502
1504
1505
1506
1507
1509
1510
1511
1512
1513
1515
1516
1517
1518
1520
1521
1522
1523
1525
1526
1527
1528
1530
1531
1532
1533
1535
1536
1537
1539
1540
1541
1542
1544
1545
1546
1547
1549
1550
1551
1552
1554
1555
1556
1557
1559
1560
1561
1563
1564
1565
1566
1568
1569
1570
1571
1573
1574
1575
1577
1578
1579
1580
1582
1583
1584
1586
1587
1588
1589
1591
1592
1593
1594
1596
1597
1598
1600
1601
1602
1604
1605
1606
1607
1609
1610
1611
1613
1614
1615
1616
1618
1619
1620
1622
1623
1624
1626
1627
1628
1629
1631
1632
1633
1635
1636
1637
1639
1640
1641
1643
1644
1645
1646
1648
1649
1650
1652
1653
1654
1656
1657
1658
1660
1661
1662
1664
1665
1666
1668
1669
1670
1672
1673
1674
1675
1677
1678
1679
1681
1682
1683
1685
1686
1687
1689
1690
1691
1693
1694
1695
1697
1698
1699
1701
1702
1703
1705
1706
1708
1709
1710
1712
1713
1714
1716
1717
1718
1720
1721
1722
1724
1725
1726
1728
1729
1730
1732
1733
1734
1736
1737
1739
1740
1741
1743
1744
1745
1747
1748
1749
1751
1752
1754
1755
1756
1758
1759
1760
1762
1763
1764
1766
1767
1769
1770
1771
1773
1774
1775
1777
1778
1780
1781
1782
1784
1785
1786
1788
1789
1791
1792
1793
1795
1796
1797
1799
1800
1802
1803
1804
1806
1807
1809
1810
1811
1813
1814
1816
1817
1818
1820
1821
1822
1824
1825
1827
1828
1829
1831
1832
1834
1835
1836
1838
1839
1841
1842
1843
1845
1846
1848
1849
1851
1852
1853
1855
1856
1858
1859
1860
1862
1863
1865
1866
1867
1869
1870
1872
1873
1875
1876
1877
1879
1880
1882
1883
1885
1886
1887
1889
1890
1892
1893
1894
1896
1897
1899
1900
1902
1903
1905
1906
1907
1909
1910
1912
1913
1915
1916
1917
1919
1920
1922
1923
1925
1926
1928
1929
1930
1932
1933
1935
1936
1938
1939
1941
1942
1943
1945
1946
1948
1949
1951
1952
1954
1955
1956
1958
1959
1961
1962
1964
1965
1967
1968
1970
1971
1973
1974
1975
1977
1978
1980
1981
1983
1984
1986
1987
1989
1990
1992
1993
1995
1996
1997
1999
2000
2002
2003
2005
2006
2008
2009
2011
2012
2014
2015
2017
2018
2020
2021
2023
2024
2026
2027
2029
2030
2031
2033
2034
2036
2037
2039
2040
2042
2043
2045
2046
2048
2049
2051
2052
2054
2055
2057
2058
2060
2061
2063
2064
2066
2067
2069
2070
2072
2073
2075
2076
2078
2079
2081
2082
2084
2085
2087
2088
2090
2091
2093
2094
2096
2098
2099
2101
2102
2104
2105
2107
2108
2110
2111
2113
2114
2116
2117
2119
2120
2122
2123
2125
2126
2128
2129
2131
2133
2134
2136
2137
2139
2140
2142
2143
2145
2146
2148
2149
2151
2152
2154
2155
2157
2159
2160
2162
2163
2165
2166
2168
2169
2171
2172
2174
2176
2177
2179
2180
2182
2183
2185
2186
2188
2189
2191
2193
2194
2196
2197
2199
2200
2202
2203
2205
2207
2208
2210
2211
2213
2214
2216
2217
2219
2221
2222
2224
2225
2227
2228
2230
2232
2233
2235
2236
2238
2239
2241
2243
2244
2246
2247
2249
2250
2252
2254
2255
2257
2258
2260
2261
2263
2265
2266
2268
2269
2271
2272
2274
2276
2277
2279
2280
2282
2284
2285
2287
2288
2290
2292
2293
2295
2296
2298
2299
2301
2303
2304
2306
2307
2309
2311
2312
2314
2315
2317
2319
2320
2322
2323
2325
2327
2328
2330
2331
2333
2335
2336
2338
2339
2341
2343
2344
2346
2348
2349
2351
2352
2354
2356
2357
2359
2360
2362
2364
2365
2367
2369
2370
2372
2373
2375
2377
2378
2380
2381
2383
2385
2386
2388
2390
2391
2393
2394
2396
2398
2399
2401
2403
2404
2406
2407
2409
2411
2412
2414
2416
2417
2419
2421
2422
2424
2425
2427
2429
2430
2432
2434
2435
2437
2439
2440
2442
2444
2445
2447
2448
2450
2452
2453
2455
2457
2458
2460
2462
2463
2465
2467
2468
2470
2472
2473
2475
2477
2478
2480
2482
2483
2485
2486
2488
2490
2491
2493
2495
2496
2498
2500
2501
2503
2505
2506
2508
2510
2511
2513
2515
2516
2518
2520
2521
2523
2525
2526
2528
2530
2531
2533
2535
2537
2538
2540
2542
2543
2545
2547
2548
2550
2552
2553
2555
2557
2558
2560
2562
2563
2565
2567
2568
2570
2572
2574
2575
2577
2579
2580
2582
2584
2585
2587
2589
2590
2592
2594
2596
2597
2599
2601
2602
2604
2606
2607
2609
2611
2612
2614
2616
2618
2619
2621
2623
2624
2626
2628
2630
2631
2633
2635
2636
2638
2640
2641
2643
2645
2647
2648
2650
2652
2653
2655
2657
2659
2660
2662
2664
2665
2667
2669
2671
2672
2674
2676
2678
2679
2681
2683
2684
2686
2688
2690
2691
2693
2695
2696
2698
2700
2702
2703
2705
2707
2709
2710
2712
2714
2716
2717
2719
2721
2722
2724
2726
2728
2729
2731
2733
2735
2736
2738
2740
2742
2743
2745
2747
2749
2750
2752
2754
2756
2757
2759
2761
2763
2764
2766
2768
2770
2771
2773
2775
2777
2778
2780
2782
2784
2785
2787
2789
2791
2792
2794
2796
2798
2799
2801
2803
2805
2806
2808
2810
2812
2813
2815
2817
2819
2820
2822
2824
2826
2828
2829
2831
2833
2835
2836
2838
2840
2842
2843
2845
2847
2849
2851
2852
2854
2856
2858
2859
2861
2863
2865
2867
2868
2870
2872
2874
2875
2877
2879
2881
2883
2884
2886
2888
2890
2891
2893
2895
2897
2899
2900
2902
2904
2906
2908
2909
2911
2913
2915
2916
2918
2920
2922
2924
2925
2927
2929
2931
2933
2934
2936
2938
2940
2942
2943
2945
2947
2949
2951
2952
2954
2956
2958
2960
2961
2963
2965
2967
2969
2970
2972
2974
2976
2978
2979
2981
2983
2985
2987
2989
2990
2992
2994
2996
2998
2999
3001
3003
3005
3007
3008
3010
3012
3014
3016
3018
3019
3021
3023
3025
3027
3028
3030
3032
3034
3036
3038
3039
3041
3043
3045
3047
3049
3050
3052
3054
3056
3058
3060
3061
3063
3065
3067
3069
3071
3072
3074
3076
3078
3080
3082
3083
3085
3087
3089
3091
3093
3094
3096
3098
3100
3102
3104
3105
3107
3109
3111
3113
3115
3116
3118
3120
3122
3124
3126
3128
3129
3131
3133
3135
3137
3139
3140
3142
3144
3146
3148
3150
3152
3153
3155
3157
3159
3161
3163
3165
3166
3168
3170
3172
3174
3176
3178
3179
3181
3183
3185
3187
3189
3191
3192
3194
3196
3198
3200
3202
3204
3205
3207
3209
3211
3213
3215
3217
3219
3220
3222
3224
3226
3228
3230
3232
3233
3235
3237
3239
3241
3243
3245
3247
3248
3250
3252
3254
3256
3258
3260
3262
3263
3265
3267
3269
3271
3273
3275
3277
3279
3280
3282
3284
3286
3288
3290
3292
3294
3295
3297
3299
3301
3303
3305
3307
3309
3311
3312
3314
3316
3318
3320
3322
3324
3326
3328
3329
3331
3333
3335
3337
3339
3341
3343
3345
3347
3348
3350
3352
3354
3356
3358
3360
3362
3364
3366
3367
3369
3371
3373
3375
3377
3379
3381
3383
3385
3386
3388
3390
3392
3394
3396
3398
3400
3402
3404
3406
3407
3409
3411
3413
3415
3417
3419
3421
3423
3425
3427
3428
3430
3432
3434
3436
3438
3440
3442
3444
3446
3448
3450
3451
3453
3455
3457
3459
3461
3463
3465
3467
3469
3471
3473
3474
3476
3478
3480
3482
3484
3486
3488
3490
3492
3494
3496
3498
3499
3501
3503
3505
3507
3509
3511
3513
3515
3517
3519
3521
3523
3525
3527
3528
3530
3532
3534
3536
3538
3540
3542
3544
3546
3548
3550
3552
3554
3556
3557
3559
3561
3563
3565
3567
3569
3571
3573
3575
3577
3579
3581
3583
3585
3587
3589
3590
3592
3594
3596
3598
3600
3602
3604
3606
3608
3610
3612
3614
3616
3618
3620
3622
3624
3626
3627
3629
3631
3633
3635
3637
3639
3641
3643
3645
3647
3649
3651
3653
3655
3657
3659
3661
3663
3665
3667
3668
3670
3672
3674
3676
3678
3680
3682
3684
3686
3688
3690
3692
3694
3696
3698
3700
3702
3704
3706
3708
3710
3712
3714
3716
3718
3719
3721
3723
3725
3727
3729
3731
3733
3735
3737
3739
3741
3743
3745
3747
3749
3751
3753
3755
3757
3759
3761
3763
3765
3767
3769
3771
3773
3775
3777
3779
3781
3783
3785
3786
3788
3790
3792
3794
3796
3798
3800
3802
3804
3806
3808
3810
3812
3814
3816
3818
3820
3822
3824
3826
3828
3830
3832
3834
3836
3838
3840
3842
3844
3846
3848
3850
3852
3854
3856
3858
3860
3862
3864
3866
3868
3870
3872
3874
3876
3878
3880
3882
3884
3886
3888
3890
3892
3894
3896
3898
3900
3902
3904
3906
3908
3910
3912
3914
3916
3918
3920
3922
3924
3926
3928
3929
3931
3933
3935
3937
3939
3941
3943
3945
3947
3949
3951
3953
3955
3957
3959
3961
3963
3965
3967
3969
3971
3973
3975
3977
3979
3981
3983
3985
3987
3989
3991
3993
3995
3997
4000
4002
4004
4006
4008
4010
4012
4014
4016
4018
4020
4022
4024
4026
4028
4030
4032
4034
4036
4038
4040
4042
4044
4046
4048
4050
4052
4054
4056
4058
4060
4062
4064
4066
4068
4070
4072
4074
4076
4078
4080
4082
4084
4086
4088
4090
4092
4094
4096
4098
4100
4102
4104
4106
4108
4110
4112
4114
4116
4118
4120
4122
4124
4126
4128
4130
4132
4134
4136
4138
4140
4142
4144
4146
4148
4150
4152
4155
4157
4159
4161
4163
4165
4167
4169
4171
4173
4175
4177
4179
4181
4183
4185
4187
4189
4191
4193
4195
4197
4199
4201
4203
4205
4207
4209
4211
4213
4215
4217
4219
4221
4223
4225
4227
4229
4231
4233
4236
4238
4240
4242
4244
4246
4248
4250
4252
4254
4256
4258
4260
4262
4264
4266
4268
4270
4272
4274
4276
4278
4280
4282
4284
4286
4288
4290
4292
4294
4296
4298
4301
4303
4305
4307
4309
4311
4313
4315
4317
4319
4321
4323
4325
4327
4329
4331
4333
4335
4337
4339
4341
4343
4345
4347
4349
4351
4353
4355
4358
4360
4362
4364
4366
4368
4370
4372
4374
4376
4378
4380
4382
4384
4386
4388
4390
4392
4394
4396
4398
4400
4402
4404
4406
4408
4411
4413
4415
4417
4419
4421
4423
4425
4427
4429
4431
4433
4435
4437
4439
4441
4443
4445
4447
4449
4451
4453
4455
4458
4460
4462
4464
4466
4468
4470
4472
4474
4476
4478
4480
4482
4484
4486
4488
4490
4492
4494
4496
4498
4500
4502
4505
4507
4509
4511
4513
4515
4517
4519
4521
4523
4525
4527
4529
4531
4533
4535
4537
4539
4541
4543
4545
4548
4550
4552
4554
4556
4558
4560
4562
4564
4566
4568
4570
4572
4574
4576
4578
4580
4582
4584
4586
4589
4591
4593
4595
4597
4599
4601
4603
4605
4607
4609
4611
4613
4615
4617
4619
4621
4623
4625
4627
4630
4632
4634
4636
4638
4640
4642
4644
4646
4648
4650
4652
4654
4656
4658
4660
4662
4664
4666
4668
4671
4673
4675
4677
4679
4681
4683
4685
4687
4689
4691
4693
4695
4697
4699
4701
4703
4705
4707
4710
4712
4714
4716
4718
4720
4722
4724
4726
4728
4730
4732
4734
4736
4738
4740
4742
4744
4746
4749
4751
4753
4755
4757
4759
4761
4763
4765
4767
4769
4771
4773
4775
4777
4779
4781
4783
4785
4788
4790
4792
4794
4796
4798
4800
4802
4804
4806
4808
4810
4812
4814
4816
4818
4820
4822
4824
4827
4829
4831
4833
4835
4837
4839
4841
4843
4845
4847
4849
4851
4853
4855
4857
4859
4861
4863
4866
4868
4870
4872
4874
4876
4878
4880
4882
4884
4886
4888
4890
4892
4894
4896
4898
4900
4902
4904
4907
4909
4911
4913
4915
4917
4919
4921
4923
4925
4927
4929
4931
4933
4935
4937
4939
4941
4943
4946
4948
4950
4952
4954
4956
4958
4960
4962
4964
4966
4968
4970
4972
4974
4976
4978
4980
4982
4984
4987
4989
4991
4993
4995
4997
4999
5001
5003
5005
5007
5009
5011
5013
5015
5017
5019
5021
5023
5025
5028
5030
5032
5034
5036
5038
5040
5042
5044
5046
5048
5050
5052
5054
5056
5058
5060
5062
5064
5066
5068
5071
5073
5075
5077
5079
5081
5083
5085
5087
5089
5091
5093
5095
5097
5099
5101
5103
5105
5107
5109
5111
5114
5116
5118
5120
5122
5124
5126
5128
5130
5132
5134
5136
5138
5140
5142
5144
5146
5148
5150
5152
5154
5156
5158
5161
5163
5165
5167
5169
5171
5173
5175
5177
5179
5181
5183
5185
5187
5189
5191
5193
5195
5197
5199
5201
5203
5205
5207
5209
5212
5214
5216
5218
5220
5222
5224
5226
5228
5230
5232
5234
5236
5238
5240
5242
5244
5246
5248
5250
5252
5254
5256
5258
5260
5262
5265
5267
5269
5271
5273
5275
5277
5279
5281
5283
5285
5287
5289
5291
5293
5295
5297
5299
5301
5303
5305
5307
5309
5311
5313
5315
5317
5319
5321
5323
5326
5328
5330
5332
5334
5336
5338
5340
5342
5344
5346
5348
5350
5352
5354
5356
5358
5360
5362
5364
5366
5368
5370
5372
5374
5376
5378
5380
5382
5384
5386
5388
5390
5392
5394
5396
5398
5401
5403
5405
5407
5409
5411
5413
5415
5417
5419
5421
5423
5425
5427
5429
5431
5433
5435
5437
5439
5441
5443
5445
5447
5449
5451
5453
5455
5457
5459
5461
5463
5465
5467
5469
5471
5473
5475
5477
5479
5481
5483
5485
5487
5489
5491
5493
5495
5497
5499
5501
5503
5505
5507
5509
5512
5514
5516
5518
5520
5522
5524
5526
5528
5530
5532
5534
5536
5538
5540
5542
5544
5546
5548
5550
5552
5554
5556
5558
5560
5562
5564
5566
5568
5570
5572
5574
5576
5578
5580
5582
5584
5586
5588
5590
5592
5594
5596
5598
5600
5602
5604
5606
5608
5610
5612
5614
5616
5618
5620
5622
5624
5626
5628
5630
5632
5634
5636
5638
5640
5642
5644
5646
5648
5650
5652
5654
5656
5658
5660
5662
5664
5666
5668
5670
5672
5674
5676
5678
5680
5682
5684
5686
5688
5690
5692
5694
5695
5697
5699
5701
5703
5705
5707
5709
5711
5713
5715
5717
5719
5721
5723
5725
5727
5729
5731
5733
5735
5737
5739
5741
5743
5745
5747
5749
5751
5753
5755
5757
5759
5761
5763
5765
5767
5769
5771
5773
5775
5777
5779
5781
5783
5785
5787
5789
5790
5792
5794
5796
5798
5800
5802
5804
5806
5808
5810
5812
5814
5816
5818
5820
5822
5824
5826
5828
5830
5832
5834
5836
5838
5840
5842
5844
5846
5848
5849
5851
5853
5855
5857
5859
5861
5863
5865
5867
5869
5871
5873
5875
5877
5879
5881
5883
5885
5887
5889
5891
5893
5894
5896
5898
5900
5902
5904
5906
5908
5910
5912
5914
5916
5918
5920
5922
5924
5926
5928
5930
5932
5933
5935
5937
5939
5941
5943
5945
5947
5949
5951
5953
5955
5957
5959
5961
5963
5965
5966
5968
5970
5972
5974
5976
5978
5980
5982
5984
5986
5988
5990
5992
5994
5995
5997
5999
6001
6003
6005
6007
6009
6011
6013
6015
6017
6019
6021
6023
6024
6026
6028
6030
6032
6034
6036
6038
6040
6042
6044
6046
6048
6049
6051
6053
6055
6057
6059
6061
6063
6065
6067
6069
6071
6072
6074
6076
6078
6080
6082
6084
6086
6088
6090
6092
6093
6095
6097
6099
6101
6103
6105
6107
6109
6111
6113
6114
6116
6118
6120
6122
6124
6126
6128
6130
6132
6133
6135
6137
6139
6141
6143
6145
6147
6149
6151
6152
6154
6156
6158
6160
6162
6164
6166
6168
6169
6171
6173
6175
6177
6179
6181
6183
6185
6187
6188
6190
6192
6194
6196
6198
6200
6202
6203
6205
6207
6209
6211
6213
6215
6217
6219
6220
6222
6224
6226
6228
6230
6232
6234
6235
6237
6239
6241
6243
6245
6247
6249
6250
6252
6254
6256
6258
6260
6262
6263
6265
6267
6269
6271
6273
6275
6277
6278
6280
6282
6284
6286
6288
6290
6291
6293
6295
6297
6299
6301
6303
6304
6306
6308
6310
6312
6314
6316
6317
6319
6321
6323
6325
6327
6328
6330
6332
6334
6336
6338
6340
6341
6343
6345
6347
6349
6351
6352
6354
6356
6358
6360
6362
6363
6365
6367
6369
6371
6373
6374
6376
6378
6380
6382
6384
6385
6387
6389
6391
6393
6395
6396
6398
6400
6402
6404
6406
6407
6409
6411
6413
6415
6417
6418
6420
6422
6424
6426
6427
6429
6431
6433
6435
6437
6438
6440
6442
6444
6446
6447
6449
6451
6453
6455
6456
6458
6460
6462
6464
6465
6467
6469
6471
6473
6475
6476
6478
6480
6482
6484
6485
6487
6489
6491
6493
6494
6496
6498
6500
6501
6503
6505
6507
6509
6510
6512
6514
6516
6518
6519
6521
6523
6525
6527
6528
6530
6532
6534
6535
6537
6539
6541
6543
6544
6546
6548
6550
6551
6553
6555
6557
6559
6560
6562
6564
6566
6567
6569
6571
6573
6575
6576
6578
6580
6582
6583
6585
6587
6589
6590
6592
6594
6596
6597
6599
6601
6603
6604
6606
6608
6610
6612
6613
6615
6617
6619
6620
6622
6624
6626
6627
6629
6631
6633
6634
6636
6638
6639
6641
6643
6645
6646
6648
6650
6652
6653
6655
6657
6659
6660
6662
6664
6666
6667
6669
6671
6673
6674
6676
6678
6679
6681
6683
6685
6686
6688
6690
6692
6693
6695
6697
6698
6700
6702
6704
6705
6707
6709
6710
6712
6714
6716
6717
6719
6721
6722
6724
6726
6728
6729
6731
6733
6734
6736
6738
6740
6741
6743
6745
6746
6748
6750
6751
6753
6755
6757
6758
6760
6762
6763
6765
6767
6768
6770
6772
6773
6775
6777
6779
6780
6782
6784
6785
6787
6789
6790
6792
6794
6795
6797
6799
6800
6802
6804
6805
6807
6809
6811
6812
6814
6816
6817
6819
6821
6822
6824
6826
6827
6829
6831
6832
6834
6836
6837
6839
6841
6842
6844
6846
6847
6849
6850
6852
6854
6855
6857
6859
6860
6862
6864
6865
6867
6869
6870
6872
6874
6875
6877
6879
6880
6882
6883
6885
6887
6888
6890
6892
6893
6895
6897
6898
6900
6901
6903
6905
6906
6908
6910
6911
6913
6915
6916
6918
6919
6921
6923
6924
6926
6928
6929
6931
6932
6934
6936
6937
6939
6940
6942
6944
6945
6947
6949
6950
6952
6953
6955
6957
6958
6960
6961
6963
6965
6966
6968
6969
6971
6973
6974
6976
6977
6979
6981
6982
6984
6985
6987
6989
6990
6992
6993
6995
6997
6998
7000
7001
7003
7004
7006
7008
7009
7011
7012
7014
7016
7017
7019
7020
7022
7023
7025
7027
7028
7030
7031
7033
7034
7036
7038
7039
7041
7042
7044
7045
7047
7048
7050
7052
7053
7055
7056
7058
7059
7061
7062
7064
7066
7067
7069
7070
7072
7073
7075
7076
7078
7080
7081
7083
7084
7086
7087
7089
7090
7092
7093
7095
7096
7098
7100
7101
7103
7104
7106
7107
7109
7110
7112
7113
7115
7116
7118
7119
7121
7122
7124
7125
7127
7128
7130
7132
7133
7135
7136
7138
7139
7141
7142
7144
7145
7147
7148
7150
7151
7153
7154
7156
7157
7159
7160
7162
7163
7165
7166
7168
7169
7171
7172
7174
7175
7177
7178
7180
7181
7183
7184
7186
7187
7188
7190
7191
7193
7194
7196
7197
7199
7200
7202
7203
7205
7206
7208
7209
7211
7212
7214
7215
7216
7218
7219
7221
7222
7224
7225
7227
7228
7230
7231
7233
7234
7235
7237
7238
7240
7241
7243
7244
7246
7247
7248
7250
7251
7253
7254
7256
7257
7259
7260
7261
7263
7264
7266
7267
7269
7270
7271
7273
7274
7276
7277
7279
7280
7281
7283
7284
7286
7287
7289
7290
7291
7293
7294
7296
7297
7299
7300
7301
7303
7304
7306
7307
7308
7310
7311
7313
7314
7315
7317
7318
7320
7321
7322
7324
7325
7327
7328
7329
7331
7332
7334
7335
7336
7338
7339
7340
7342
7343
7345
7346
7347
7349
7350
7352
7353
7354
7356
7357
7358
7360
7361
7363
7364
7365
7367
7368
7369
7371
7372
7373
7375
7376
7378
7379
7380
7382
7383
7384
7386
7387
7388
7390
7391
7392
7394
7395
7396
7398
7399
7401
7402
7403
7405
7406
7407
7409
7410
7411
7413
7414
7415
7417
7418
7419
7421
7422
7423
7425
7426
7427
7428
7430
7431
7432
7434
7435
7436
7438
7439
7440
7442
7443
7444
7446
7447
7448
7450
7451
7452
7453
7455
7456
7457
7459
7460
7461
7463
7464
7465
7466
7468
7469
7470
7472
7473
7474
7475
7477
7478
7479
7481
7482
7483
7484
7486
7487
7488
7490
7491
7492
7493
7495
7496
7497
7498
7500
7501
7502
7504
7505
7506
7507
7509
7510
7511
7512
7514
7515
7516
7517
7519
7520
7521
7522
7524
7525
7526
7527
7529
7530
7531
7532
7534
7535
7536
7537
7539
7540
7541
7542
7543
7545
7546
7547
7548
7550
7551
7552
7553
7555
7556
7557
7558
7559
7561
7562
7563
7564
7565
7567
7568
7569
7570
7572
7573
7574
7575
7576
7578
7579
7580
7581
7582
7584
7585
7586
7587
7588
7590
7591
7592
7593
7594
7595
7597
7598
7599
7600
7601
7603
7604
7605
7606
7607
7608
7610
7611
7612
7613
7614
7616
7617
7618
7619
7620
7621
7623
7624
7625
7626
7627
7628
7629
7631
7632
7633
7634
7635
7636
7638
7639
7640
7641
7642
7643
7644
7646
7647
7648
7649
7650
7651
7652
7654
7655
7656
7657
7658
7659
7660
7661
7663
7664
7665
7666
7667
7668
7669
7670
7672
7673
7674
7675
7676
7677
7678
7679
7680
7682
7683
7684
7685
7686
7687
7688
7689
7690
7691
7693
7694
7695
7696
7697
7698
7699
7700
7701
7702
7703
7705
7706
7707
7708
7709
7710
7711
7712
7713
7714
7715
7716
7717
7719
7720
7721
7722
7723
7724
7725
7726
7727
7728
7729
7730
7731
7732
7733
7734
7735
7737
7738
7739
7740
7741
7742
7743
7744
7745
7746
7747
7748
7749
7750
7751
7752
7753
7754
7755
7756
7757
7758
7759
7760
7761
7762
7763
7764
7766
7767
7768
7769
7770
7771
7772
7773
7774
7775
7776
7777
7778
7779
7780
7781
7782
7783
7784
7785
7786
7787
7788
7789
7790
7791
7792
7793
7794
7795
7796
7797
7798
7799
7800
7800
7801
7802
7803
7804
7805
7806
7807
7808
7809
7810
7811
7812
7813
7814
7815
7816
7817
7818
7819
7820
7821
7822
7823
7824
7825
7826
7827
7827
7828
7829
7830
7831
7832
7833
7834
7835
7836
7837
7838
7839
7840
7841
7842
7842
7843
7844
7845
7846
7847
7848
7849
7850
7851
7852
7853
7854
7854
7855
7856
7857
7858
7859
7860
7861
7862
7863
7864
7864
7865
7866
7867
7868
7869
7870
7871
7872
7872
7873
7874
7875
7876
7877
7878
7879
7880
7880
7881
7882
7883
7884
7885
7886
7887
7887
7888
7889
7890
7891
7892
7893
7894
7894
7895
7896
7897
7898
7899
7900
7900
7901
7902
7903
7904
7905
7905
7906
7907
7908
7909
7910
7911
7911
7912
7913
7914
7915
7916
7916
7917
7918
7919
7920
7921
7921
7922
7923
7924
7925
7925
7926
7927
7928
7929
7930
7930
7931
7932
7933
7934
7934
7935
7936
7937
7938
7938
7939
7940
7941
7942
7942
7943
7944
7945
7946
7946
7947
7948
7949
7949
7950
7951
7952
7953
7953
7954
7955
7956
7956
7957
7958
7959
7959
7960
7961
7962
7963
7963
7964
7965
7966
7966
7967
7968
7969
7969
7970
7971
7972
7972
7973
7974
7975
7975
7976
7977
7977
7978
7979
7980
7980
7981
7982
7983
7983
7984
7985
7986
7986
7987
7988
7988
7989
7990
7991
7991
7992
7993
7993
7994
7995
7996
7996
7997
7998
7998
7999
8000
8000
8001
8002
8003
8003
8004
8005
8005
8006
8007
8007
8008
8009
8009
8010
8011
8011
8012
8013
8013
8014
8015
8015
8016
8017
8017
8018
8019
8019
8020
8021
8021
8022
8023
8023
8024
8025
8025
8026
8027
8027
8028
8029
8029
8030
8031
8031
8032
8032
8033
8034
8034
8035
8036
8036
8037
8038
8038
8039
8039
8040
8041
8041
8042
8043
8043
8044
8044
8045
8046
8046
8047
8047
8048
8049
8049
8050
8050
8051
8052
8052
8053
8053
8054
8055
8055
8056
8056
8057
8058
8058
8059
8059
8060
8061
8061
8062
8062
8063
8063
8064
8065
8065
8066
8066
8067
8067
8068
8069
8069
8070
8070
8071
8071
8072
8072
8073
8074
8074
8075
8075
8076
8076
8077
8077
8078
8078
8079
8080
8080
8081
8081
8082
8082
8083
8083
8084
8084
8085
8085
8086
8086
8087
8087
8088
8088
8089
8090
8090
8091
8091
8092
8092
8093
8093
8094
8094
8095
8095
8096
8096
8097
8097
8098
8098
8099
8099
8100
8100
8101
8101
8101
8102
8102
8103
8103
8104
8104
8105
8105
8106
8106
8107
8107
8108
8108
8109
8109
8110
8110
8110
8111
8111
8112
8112
8113
8113
8114
8114
8115
8115
8115
8116
8116
8117
8117
8118
8118
8119
8119
8119
8120
8120
8121
8121
8122
8122
8122
8123
8123
8124
8124
8124
8125
8125
8126
8126
8127
8127
8127
8128
8128
8129
8129
8129
8130
8130
8131
8131
8131
8132
8132
8133
8133
8133
8134
8134
8135
8135
8135
8136
8136
8136
8137
8137
8138
8138
8138
8139
8139
8139
8140
8140
8141
8141
8141
8142
8142
8142
8143
8143
8143
8144
8144
8145
8145
8145
8146
8146
8146
8147
8147
8147
8148
8148
8148
8149
8149
8149
8150
8150
8150
8151
8151
8151
8152
8152
8152
8153
8153
8153
8154
8154
8154
8154
8155
8155
8155
8156
8156
8156
8157
8157
8157
8158
8158
8158
8158
8159
8159
8159
8160
8160
8160
8160
8161
8161
8161
8162
8162
8162
8162
8163
8163
8163
8164
8164
8164
8164
8165
8165
8165
8165
8166
8166
8166
8166
8167
8167
8167
8167
8168
8168
8168
8168
8169
8169
8169
8169
8170
8170
8170
8170
8171
8171
8171
8171
8172
8172
8172
8172
8173
8173
8173
8173
8173
8174
8174
8174
8174
8174
8175
8175
8175
8175
8176
8176
8176
8176
8176
8177
8177
8177
8177
8177
8178
8178
8178
8178
8178
8179
8179
8179
8179
8179
8179
8180
8180
8180
8180
8180
8180
8181
8181
8181
8181
8181
8182
8182
8182
8182
8182
8182
8182
8183
8183
8183
8183
8183
8183
8184
8184
8184
8184
8184
8184
8184
8185
8185
8185
8185
8185
8185
8185
8186
8186
8186
8186
8186
8186
8186
8186
8187
8187
8187
8187
8187
8187
8187
8187
8187
8188
8188
8188
8188
8188
8188
8188
8188
8188
8188
8189
8189
8189
8189
8189
8189
8189
8189
8189
8189
8189
8190
8190
8190
8190
8190
8190
8190
8190
8190
8190
8190
8190
8190
8190
8191
8191
8191
8191
8191
8191
8191
8191
8191
8191
8191
8191
8191
8191
8191
8191
8191
8191
8191
8191
8192
8192
8192
8192
8192
8192
8192
8192
8192
8192
8192
8192
8192
8192
8192
8192
8192
8192
8192
8192
8192
8192
8192
8192
8192
8192
8192
8192
8192
8192
8192
8192
8192
8192
8192
8192
8192
8192
8192
8192
8192
8192
8192
8192
8192
8192
8192
8192
8192
8192
8192
8192
8192
8192
8192
8192
8191
8191
8191
8191
8191
8191
8191
8191
8191
8191
8191
8191
8191
8191
8191
8191
8191
8191
8191
8191
8190
8190
8190
8190
8190
8190
8190
8190
8190
8190
8190
8190
8190
8190
8189
8189
8189
8189
8189
8189
8189
8189
8189
8189
8189
8188
8188
8188
8188
8188
8188
8188
8188
8188
8188
8187
8187
8187
8187
8187
8187
8187
8187
8187
8186
8186
8186
8186
8186
8186
8186
8186
8185
8185
8185
8185
8185
8185
8185
8184
8184
8184
8184
8184
8184
8184
8183
8183
8183
8183
8183
8183
8182
8182
8182
8182
8182
8182
8182
8181
8181
8181
8181
8181
8180
8180
8180
8180
8180
8180
8179
8179
8179
8179
8179
8179
8178
8178
8178
8178
8178
8177
8177
8177
8177
8177
8176
8176
8176
8176
8176
8175
8175
8175
8175
8174
8174
8174
8174
8174
8173
8173
8173
8173
8173
8172
8172
8172
8172
8171
8171
8171
8171
8170
8170
8170
8170
8169
8169
8169
8169
8168
8168
8168
8168
8167
8167
8167
8167
8166
8166
8166
8166
8165
8165
8165
8165
8164
8164
8164
8164
8163
8163
8163
8162
8162
8162
8162
8161
8161
8161
8160
8160
8160
8160
8159
8159
8159
8158
8158
8158
8158
8157
8157
8157
8156
8156
8156
8155
8155
8155
8154
8154
8154
8154
8153
8153
8153
8152
8152
8152
8151
8151
8151
8150
8150
8150
8149
8149
8149
8148
8148
8148
8147
8147
8147
8146
8146
8146
8145
8145
8145
8144
8144
8143
8143
8143
8142
8142
8142
8141
8141
8141
8140
8140
8139
8139
8139
8138
8138
8138
8137
8137
8136
8136
8136
8135
8135
8135
8134
8134
8133
8133
8133
8132
8132
8131
8131
8131
8130
8130
8129
8129
8129
8128
8128
8127
8127
8127
8126
8126
8125
8125
8124
8124
8124
8123
8123
8122
8122
8122
8121
8121
8120
8120
8119
8119
8119
8118
8118
8117
8117
8116
8116
8115
8115
8115
8114
8114
8113
8113
8112
8112
8111
8111
8110
8110
8110
8109
8109
8108
8108
8107
8107
8106
8106
8105
8105
8104
8104
8103
8103
8102
8102
8101
8101
8101
8100
8100
8099
8099
8098
8098
8097
8097
8096
8096
8095
8095
8094
8094
8093
8093
8092
8092
8091
8091
8090
8090
8089
8088
8088
8087
8087
8086
8086
8085
8085
8084
8084
8083
8083
8082
8082
8081
8081
8080
8080
8079
8078
8078
8077
8077
8076
8076
8075
8075
8074
8074
8073
8072
8072
8071
8071
8070
8070
8069
8069
8068
8067
8067
8066
8066
8065
8065
8064
8063
8063
8062
8062
8061
8061
8060
8059
8059
8058
8058
8057
8056
8056
8055
8055
8054
8053
8053
8052
8052
8051
8050
8050
8049
8049
8048
8047
8047
8046
8046
8045
8044
8044
8043
8043
8042
8041
8041
8040
8039
8039
8038
8038
8037
8036
8036
8035
8034
8034
8033
8032
8032
8031
8031
8030
8029
8029
8028
8027
8027
8026
8025
8025
8024
8023
8023
8022
8021
8021
8020
8019
8019
8018
8017
8017
8016
8015
8015
8014
8013
8013
8012
8011
8011
8010
8009
8009
8008
8007
8007
8006
8005
8005
8004
8003
8003
8002
8001
8000
8000
7999
7998
7998
7997
7996
7996
7995
7994
7993
7993
7992
7991
7991
7990
7989
7988
7988
7987
7986
7986
7985
7984
7983
7983
7982
7981
7980
7980
7979
7978
7977
7977
7976
7975
7975
7974
7973
7972
7972
7971
7970
7969
7969
7968
7967
7966
7966
7965
7964
7963
7963
7962
7961
7960
7959
7959
7958
7957
7956
7956
7955
7954
7953
7953
7952
7951
7950
7949
7949
7948
7947
7946
7946
7945
7944
7943
7942
7942
7941
7940
7939
7938
7938
7937
7936
7935
7934
7934
7933
7932
7931
7930
7930
7929
7928
7927
7926
7925
7925
7924
7923
7922
7921
7921
7920
7919
7918
7917
7916
7916
7915
7914
7913
7912
7911
7911
7910
7909
7908
7907
7906
7905
7905
7904
7903
7902
7901
7900
7900
7899
7898
7897
7896
7895
7894
7894
7893
7892
7891
7890
7889
7888
7887
7887
7886
7885
7884
7883
7882
7881
7880
7880
7879
7878
7877
7876
7875
7874
7873
7872
7872
7871
7870
7869
7868
7867
7866
7865
7864
7864
7863
7862
7861
7860
7859
7858
7857
7856
7855
7854
7854
7853
7852
7851
7850
7849
7848
7847
7846
7845
7844
7843
7842
7842
7841
7840
7839
7838
7837
7836
7835
7834
7833
7832
7831
7830
7829
7828
7827
7827
7826
7825
7824
7823
7822
7821
7820
7819
7818
7817
7816
7815
7814
7813
7812
7811
7810
7809
7808
7807
7806
7805
7804
7803
7802
7801
7800
7800
7799
7798
7797
7796
7795
7794
7793
7792
7791
7790
7789
7788
7787
7786
7785
7784
7783
7782
7781
7780
7779
7778
7777
7776
7775
7774
7773
7772
7771
7770
7769
7768
7767
7766
7764
7763
7762
7761
7760
7759
7758
7757
7756
7755
7754
7753
7752
7751
7750
7749
7748
7747
7746
7745
7744
7743
7742
7741
7740
7739
7738
7737
7735
7734
7733
7732
7731
7730
7729
7728
7727
7726
7725
7724
7723
7722
7721
7720
7719
7717
7716
7715
7714
7713
7712
7711
7710
7709
7708
7707
7706
7705
7703
7702
7701
7700
7699
7698
7697
7696
7695
7694
7693
7691
7690
7689
7688
7687
7686
7685
7684
7683
7682
7680
7679
7678
7677
7676
7675
7674
7673
7672
7670
7669
7668
7667
7666
7665
7664
7663
7661
7660
7659
7658
7657
7656
7655
7654
7652
7651
7650
7649
7648
7647
7646
7644
7643
7642
7641
7640
7639
7638
7636
7635
7634
7633
7632
7631
7629
7628
7627
7626
7625
7624
7623
7621
7620
7619
7618
7617
7616
7614
7613
7612
7611
7610
7608
7607
7606
7605
7604
7603
7601
7600
7599
7598
7597
7595
7594
7593
7592
7591
7590
7588
7587
7586
7585
7584
7582
7581
7580
7579
7578
7576
7575
7574
7573
7572
7570
7569
7568
7567
7565
7564
7563
7562
7561
7559
7558
7557
7556
7555
7553
7552
7551
7550
7548
7547
7546
7545
7543
7542
7541
7540
7539
7537
7536
7535
7534
7532
7531
7530
7529
7527
7526
7525
7524
7522
7521
7520
7519
7517
7516
7515
7514
7512
7511
7510
7509
7507
7506
7505
7504
7502
7501
7500
7498
7497
7496
7495
7493
7492
7491
7490
7488
7487
7486
7484
7483
7482
7481
7479
7478
7477
7475
7474
7473
7472
7470
7469
7468
7466
7465
7464
7463
7461
7460
7459
7457
7456
7455
7453
7452
7451
7450
7448
7447
7446
7444
7443
7442
7440
7439
7438
7436
7435
7434
7432
7431
7430
7428
7427
7426
7425
7423
7422
7421
7419
7418
7417
7415
7414
7413
7411
7410
7409
7407
7406
7405
7403
7402
7401
7399
7398
7396
7395
7394
7392
7391
7390
7388
7387
7386
7384
7383
7382
7380
7379
7378
7376
7375
7373
7372
7371
7369
7368
7367
7365
7364
7363
7361
7360
7358
7357
7356
7354
7353
7352
7350
7349
7347
7346
7345
7343
7342
7340
7339
7338
7336
7335
7334
7332
7331
7329
7328
7327
7325
7324
7322
7321
7320
7318
7317
7315
7314
7313
7311
7310
7308
7307
7306
7304
7303
7301
7300
7299
7297
7296
7294
7293
7291
7290
7289
7287
7286
7284
7283
7281
7280
7279
7277
7276
7274
7273
7271
7270
7269
7267
7266
7264
7263
7261
7260
7259
7257
7256
7254
7253
7251
7250
7248
7247
7246
7244
7243
7241
7240
7238
7237
7235
7234
7233
7231
7230
7228
7227
7225
7224
7222
7221
7219
7218
7216
7215
7214
7212
7211
7209
7208
7206
7205
7203
7202
7200
7199
7197
7196
7194
7193
7191
7190
7188
7187
7186
7184
7183
7181
7180
7178
7177
7175
7174
7172
7171
7169
7168
7166
7165
7163
7162
7160
7159
7157
7156
7154
7153
7151
7150
7148
7147
7145
7144
7142
7141
7139
7138
7136
7135
7133
7132
7130
7128
7127
7125
7124
7122
7121
7119
7118
7116
7115
7113
7112
7110
7109
7107
7106
7104
7103
7101
7100
7098
7096
7095
7093
7092
7090
7089
7087
7086
7084
7083
7081
7080
7078
7076
7075
7073
7072
7070
7069
7067
7066
7064
7062
7061
7059
7058
7056
7055
7053
7052
7050
7048
7047
7045
7044
7042
7041
7039
7038
7036
7034
7033
7031
7030
7028
7027
7025
7023
7022
7020
7019
7017
7016
7014
7012
7011
7009
7008
7006
7004
7003
7001
7000
6998
6997
6995
6993
6992
6990
6989
6987
6985
6984
6982
6981
6979
6977
6976
6974
6973
6971
6969
6968
6966
6965
6963
6961
6960
6958
6957
6955
6953
6952
6950
6949
6947
6945
6944
6942
6940
6939
6937
6936
6934
6932
6931
6929
6928
6926
6924
6923
6921
6919
6918
6916
6915
6913
6911
6910
6908
6906
6905
6903
6901
6900
6898
6897
6895
6893
6892
6890
6888
6887
6885
6883
6882
6880
6879
6877
6875
6874
6872
6870
6869
6867
6865
6864
6862
6860
6859
6857
6855
6854
6852
6850
6849
6847
6846
6844
6842
6841
6839
6837
6836
6834
6832
6831
6829
6827
6826
6824
6822
6821
6819
6817
6816
6814
6812
6811
6809
6807
6805
6804
6802
6800
6799
6797
6795
6794
6792
6790
6789
6787
6785
6784
6782
6780
6779
6777
6775
6773
6772
6770
6768
6767
6765
6763
6762
6760
6758
6757
6755
6753
6751
6750
6748
6746
6745
6743
6741
6740
6738
6736
6734
6733
6731
6729
6728
6726
6724
6722
6721
6719
6717
6716
6714
6712
6710
6709
6707
6705
6704
6702
6700
6698
6697
6695
6693
6692
6690
6688
6686
6685
6683
6681
6679
6678
6676
6674
6673
6671
6669
6667
6666
6664
6662
6660
6659
6657
6655
6653
6652
6650
6648
6646
6645
6643
6641
6639
6638
6636
6634
6633
6631
6629
6627
6626
6624
6622
6620
6619
6617
6615
6613
6612
6610
6608
6606
6604
6603
6601
6599
6597
6596
6594
6592
6590
6589
6587
6585
6583
6582
6580
6578
6576
6575
6573
6571
6569
6567
6566
6564
6562
6560
6559
6557
6555
6553
6551
6550
6548
6546
6544
6543
6541
6539
6537
6535
6534
6532
6530
6528
6527
6525
6523
6521
6519
6518
6516
6514
6512
6510
6509
6507
6505
6503
6501
6500
6498
6496
6494
6493
6491
6489
6487
6485
6484
6482
6480
6478
6476
6475
6473
6471
6469
6467
6465
6464
6462
6460
6458
6456
6455
6453
6451
6449
6447
6446
6444
6442
6440
6438
6437
6435
6433
6431
6429
6427
6426
6424
6422
6420
6418
6417
6415
6413
6411
6409
6407
6406
6404
6402
6400
6398
6396
6395
6393
6391
6389
6387
6385
6384
6382
6380
6378
6376
6374
6373
6371
6369
6367
6365
6363
6362
6360
6358
6356
6354
6352
6351
6349
6347
6345
6343
6341
6340
6338
6336
6334
6332
6330
6328
6327
6325
6323
6321
6319
6317
6316
6314
6312
6310
6308
6306
6304
6303
6301
6299
6297
6295
6293
6291
6290
6288
6286
6284
6282
6280
6278
6277
6275
6273
6271
6269
6267
6265
6263
6262
6260
6258
6256
6254
6252
6250
6249
6247
6245
6243
6241
6239
6237
6235
6234
6232
6230
6228
6226
6224
6222
6220
6219
6217
6215
6213
6211
6209
6207
6205
6203
6202
6200
6198
6196
6194
6192
6190
6188
6187
6185
6183
6181
6179
6177
6175
6173
6171
6169
6168
6166
6164
6162
6160
6158
6156
6154
6152
6151
6149
6147
6145
6143
6141
6139
6137
6135
6133
6132
6130
6128
6126
6124
6122
6120
6118
6116
6114
6113
6111
6109
6107
6105
6103
6101
6099
6097
6095
6093
6092
6090
6088
6086
6084
6082
6080
6078
6076
6074
6072
6071
6069
6067
6065
6063
6061
6059
6057
6055
6053
6051
6049
6048
6046
6044
6042
6040
6038
6036
6034
6032
6030
6028
6026
6024
6023
6021
6019
6017
6015
6013
6011
6009
6007
6005
6003
6001
5999
5997
5995
5994
5992
5990
5988
5986
5984
5982
5980
5978
5976
5974
5972
5970
5968
5966
5965
5963
5961
5959
5957
5955
5953
5951
5949
5947
5945
5943
5941
5939
5937
5935
5933
5932
5930
5928
5926
5924
5922
5920
5918
5916
5914
5912
5910
5908
5906
5904
5902
5900
5898
5896
5894
5893
5891
5889
5887
5885
5883
5881
5879
5877
5875
5873
5871
5869
5867
5865
5863
5861
5859
5857
5855
5853
5851
5849
5848
5846
5844
5842
5840
5838
5836
5834
5832
5830
5828
5826
5824
5822
5820
5818
5816
5814
5812
5810
5808
5806
5804
5802
5800
5798
5796
5794
5792
5790
5789
5787
5785
5783
5781
5779
5777
5775
5773
5771
5769
5767
5765
5763
5761
5759
5757
5755
5753
5751
5749
5747
5745
5743
5741
5739
5737
5735
5733
5731
5729
5727
5725
5723
5721
5719
5717
5715
5713
5711
5709
5707
5705
5703
5701
5699
5697
5695
5694
5692
5690
5688
5686
5684
5682
5680
5678
5676
5674
5672
5670
5668
5666
5664
5662
5660
5658
5656
5654
5652
5650
5648
5646
5644
5642
5640
5638
5636
5634
5632
5630
5628
5626
5624
5622
5620
5618
5616
5614
5612
5610
5608
5606
5604
5602
5600
5598
5596
5594
5592
5590
5588
5586
5584
5582
5580
5578
5576
5574
5572
5570
5568
5566
5564
5562
5560
5558
5556
5554
5552
5550
5548
5546
5544
5542
5540
5538
5536
5534
5532
5530
5528
5526
5524
5522
5520
5518
5516
5514
5512
5509
5507
5505
5503
5501
5499
5497
5495
5493
5491
5489
5487
5485
5483
5481
5479
5477
5475
5473
5471
5469
5467
5465
5463
5461
5459
5457
5455
5453
5451
5449
5447
5445
5443
5441
5439
5437
5435
5433
5431
5429
5427
5425
5423
5421
5419
5417
5415
5413
5411
5409
5407
5405
5403
5401
5398
5396
5394
5392
5390
5388
5386
5384
5382
5380
5378
5376
5374
5372
5370
5368
5366
5364
5362
5360
5358
5356
5354
5352
5350
5348
5346
5344
5342
5340
5338
5336
5334
5332
5330
5328
5326
5323
5321
5319
5317
5315
5313
5311
5309
5307
5305
5303
5301
5299
5297
5295
5293
5291
5289
5287
5285
5283
5281
5279
5277
5275
5273
5271
5269
5267
5265
5262
5260
5258
5256
5254
5252
5250
5248
5246
5244
5242
5240
5238
5236
5234
5232
5230
5228
5226
5224
5222
5220
5218
5216
5214
5212
5209
5207
5205
5203
5201
5199
5197
5195
5193
5191
5189
5187
5185
5183
5181
5179
5177
5175
5173
5171
5169
5167
5165
5163
5161
5158
5156
5154
5152
5150
5148
5146
5144
5142
5140
5138
5136
5134
5132
5130
5128
5126
5124
5122
5120
5118
5116
5114
5111
5109
5107
5105
5103
5101
5099
5097
5095
5093
5091
5089
5087
5085
5083
5081
5079
5077
5075
5073
5071
5068
5066
5064
5062
5060
5058
5056
5054
5052
5050
5048
5046
5044
5042
5040
5038
5036
5034
5032
5030
5028
5025
5023
5021
5019
5017
5015
5013
5011
5009
5007
5005
5003
5001
4999
4997
4995
4993
4991
4989
4987
4984
4982
4980
4978
4976
4974
4972
4970
4968
4966
4964
4962
4960
4958
4956
4954
4952
4950
4948
4946
4943
4941
4939
4937
4935
4933
4931
4929
4927
4925
4923
4921
4919
4917
4915
4913
4911
4909
4907
4904
4902
4900
4898
4896
4894
4892
4890
4888
4886
4884
4882
4880
4878
4876
4874
4872
4870
4868
4866
4863
4861
4859
4857
4855
4853
4851
4849
4847
4845
4843
4841
4839
4837
4835
4833
4831
4829
4827
4824
4822
4820
4818
4816
4814
4812
4810
4808
4806
4804
4802
4800
4798
4796
4794
4792
4790
4788
4785
4783
4781
4779
4777
4775
4773
4771
4769
4767
4765
4763
4761
4759
4757
4755
4753
4751
4749
4746
4744
4742
4740
4738
4736
4734
4732
4730
4728
4726
4724
4722
4720
4718
4716
4714
4712
4710
4707
4705
4703
4701
4699
4697
4695
4693
4691
4689
4687
4685
4683
4681
4679
4677
4675
4673
4671
4668
4666
4664
4662
4660
4658
4656
4654
4652
4650
4648
4646
4644
4642
4640
4638
4636
4634
4632
4630
4627
4625
4623
4621
4619
4617
4615
4613
4611
4609
4607
4605
4603
4601
4599
4597
4595
4593
4591
4589
4586
4584
4582
4580
4578
4576
4574
4572
4570
4568
4566
4564
4562
4560
4558
4556
4554
4552
4550
4548
4545
4543
4541
4539
4537
4535
4533
4531
4529
4527
4525
4523
4521
4519
4517
4515
4513
4511
4509
4507
4505
4502
4500
4498
4496
4494
4492
4490
4488
4486
4484
4482
4480
4478
4476
4474
4472
4470
4468
4466
4464
4462
4460
4458
4455
4453
4451
4449
4447
4445
4443
4441
4439
4437
4435
4433
4431
4429
4427
4425
4423
4421
4419
4417
4415
4413
4411
4408
4406
4404
4402
4400
4398
4396
4394
4392
4390
4388
4386
4384
4382
4380
4378
4376
4374
4372
4370
4368
4366
4364
4362
4360
4358
4355
4353
4351
4349
4347
4345
4343
4341
4339
4337
4335
4333
4331
4329
4327
4325
4323
4321
4319
4317
4315
4313
4311
4309
4307
4305
4303
4301
4298
4296
4294
4292
4290
4288
4286
4284
4282
4280
4278
4276
4274
4272
4270
4268
4266
4264
4262
4260
4258
4256
4254
4252
4250
4248
4246
4244
4242
4240
4238
4236
4233
4231
4229
4227
4225
4223
4221
4219
4217
4215
4213
4211
4209
4207
4205
4203
4201
4199
4197
4195
4193
4191
4189
4187
4185
4183
4181
4179
4177
4175
4173
4171
4169
4167
4165
4163
4161
4159
4157
4155
4152
4150
4148
4146
4144
4142
4140
4138
4136
4134
4132
4130
4128
4126
4124
4122
4120
4118
4116
4114
4112
4110
4108
4106
4104
4102
4100
4098
4096
4094
4092
4090
4088
4086
4084
4082
4080
4078
4076
4074
4072
4070
4068
4066
4064
4062
4060
4058
4056
4054
4052
4050
4048
4046
4044
4042
4040
4038
4036
4034
4032
4030
4028
4026
4024
4022
4020
4018
4016
4014
4012
4010
4008
4006
4004
4002
4000
3997
3995
3993
3991
3989
3987
3985
3983
3981
3979
3977
3975
3973
3971
3969
3967
3965
3963
3961
3959
3957
3955
3953
3951
3949
3947
3945
3943
3941
3939
3937
3935
3933
3931
3929
3928
3926
3924
3922
3920
3918
3916
3914
3912
3910
3908
3906
3904
3902
3900
3898
3896
3894
3892
3890
3888
3886
3884
3882
3880
3878
3876
3874
3872
3870
3868
3866
3864
3862
3860
3858
3856
3854
3852
3850
3848
3846
3844
3842
3840
3838
3836
3834
3832
3830
3828
3826
3824
3822
3820
3818
3816
3814
3812
3810
3808
3806
3804
3802
3800
3798
3796
3794
3792
3790
3788
3786
3785
3783
3781
3779
3777
3775
3773
3771
3769
3767
3765
3763
3761
3759
3757
3755
3753
3751
3749
3747
3745
3743
3741
3739
3737
3735
3733
3731
3729
3727
3725
3723
3721
3719
3718
3716
3714
3712
3710
3708
3706
3704
3702
3700
3698
3696
3694
3692
3690
3688
3686
3684
3682
3680
3678
3676
3674
3672
3670
3668
3667
3665
3663
3661
3659
3657
3655
3653
3651
3649
3647
3645
3643
3641
3639
3637
3635
3633
3631
3629
3627
3626
3624
3622
3620
3618
3616
3614
3612
3610
3608
3606
3604
3602
3600
3598
3596
3594
3592
3590
3589
3587
3585
3583
3581
3579
3577
3575
3573
3571
3569
3567
3565
3563
3561
3559
3557
3556
3554
3552
3550
3548
3546
3544
3542
3540
3538
3536
3534
3532
3530
3528
3527
3525
3523
3521
3519
3517
3515
3513
3511
3509
3507
3505
3503
3501
3499
3498
3496
3494
3492
3490
3488
3486
3484
3482
3480
3478
3476
3474
3473
3471
3469
3467
3465
3463
3461
3459
3457
3455
3453
3451
3450
3448
3446
3444
3442
3440
3438
3436
3434
3432
3430
3428
3427
3425
3423
3421
3419
3417
3415
3413
3411
3409
3407
3406
3404
3402
3400
3398
3396
3394
3392
3390
3388
3386
3385
3383
3381
3379
3377
3375
3373
3371
3369
3367
3366
3364
3362
3360
3358
3356
3354
3352
3350
3348
3347
3345
3343
3341
3339
3337
3335
3333
3331
3329
3328
3326
3324
3322
3320
3318
3316
3314
3312
3311
3309
3307
3305
3303
3301
3299
3297
3295
3294
3292
3290
3288
3286
3284
3282
3280
3279
3277
3275
3273
3271
3269
3267
3265
3263
3262
3260
3258
3256
3254
3252
3250
3248
3247
3245
3243
3241
3239
3237
3235
3233
3232
3230
3228
3226
3224
3222
3220
3219
3217
3215
3213
3211
3209
3207
3205
3204
3202
3200
3198
3196
3194
3192
3191
3189
3187
3185
3183
3181
3179
3178
3176
3174
3172
3170
3168
3166
3165
3163
3161
3159
3157
3155
3153
3152
3150
3148
3146
3144
3142
3140
3139
3137
3135
3133
3131
3129
3128
3126
3124
3122
3120
3118
3116
3115
3113
3111
3109
3107
3105
3104
3102
3100
3098
3096
3094
3093
3091
3089
3087
3085
3083
3082
3080
3078
3076
3074
3072
3071
3069
3067
3065
3063
3061
3060
3058
3056
3054
3052
3050
3049
3047
3045
3043
3041
3039
3038
3036
3034
3032
3030
3028
3027
3025
3023
3021
3019
3018
3016
3014
3012
3010
3008
3007
3005
3003
3001
2999
2998
2996
2994
2992
2990
2989
2987
2985
2983
2981
2979
2978
2976
2974
2972
2970
2969
2967
2965
2963
2961
2960
2958
2956
2954
2952
2951
2949
2947
2945
2943
2942
2940
2938
2936
2934
2933
2931
2929
2927
2925
2924
2922
2920
2918
2916
2915
2913
2911
2909
2908
2906
2904
2902
2900
2899
2897
2895
2893
2891
2890
2888
2886
2884
2883
2881
2879
2877
2875
2874
2872
2870
2868
2867
2865
2863
2861
2859
2858
2856
2854
2852
2851
2849
2847
2845
2843
2842
2840
2838
2836
2835
2833
2831
2829
2828
2826
2824
2822
2820
2819
2817
2815
2813
2812
2810
2808
2806
2805
2803
2801
2799
2798
2796
2794
2792
2791
2789
2787
2785
2784
2782
2780
2778
2777
2775
2773
2771
2770
2768
2766
2764
2763
2761
2759
2757
2756
2754
2752
2750
2749
2747
2745
2743
2742
2740
2738
2736
2735
2733
2731
2729
2728
2726
2724
2722
2721
2719
2717
2716
2714
2712
2710
2709
2707
2705
2703
2702
2700
2698
2696
2695
2693
2691
2690
2688
2686
2684
2683
2681
2679
2678
2676
2674
2672
2671
2669
2667
2665
2664
2662
2660
2659
2657
2655
2653
2652
2650
2648
2647
2645
2643
2641
2640
2638
2636
2635
2633
2631
2630
2628
2626
2624
2623
2621
2619
2618
2616
2614
2612
2611
2609
2607
2606
2604
2602
2601
2599
2597
2596
2594
2592
2590
2589
2587
2585
2584
2582
2580
2579
2577
2575
2574
2572
2570
2568
2567
2565
2563
2562
2560
2558
2557
2555
2553
2552
2550
2548
2547
2545
2543
2542
2540
2538
2537
2535
2533
2531
2530
2528
2526
2525
2523
2521
2520
2518
2516
2515
2513
2511
2510
2508
2506
2505
2503
2501
2500
2498
2496
2495
2493
2491
2490
2488
2486
2485
2483
2482
2480
2478
2477
2475
2473
2472
2470
2468
2467
2465
2463
2462
2460
2458
2457
2455
2453
2452
2450
2448
2447
2445
2444
2442
2440
2439
2437
2435
2434
2432
2430
2429
2427
2425
2424
2422
2421
2419
2417
2416
2414
2412
2411
2409
2407
2406
2404
2403
2401
2399
2398
2396
2394
2393
2391
2390
2388
2386
2385
2383
2381
2380
2378
2377
2375
2373
2372
2370
2369
2367
2365
2364
2362
2360
2359
2357
2356
2354
2352
2351
2349
2348
2346
2344
2343
2341
2339
2338
2336
2335
2333
2331
2330
2328
2327
2325
2323
2322
2320
2319
2317
2315
2314
2312
2311
2309
2307
2306
2304
2303
2301
2299
2298
2296
2295
2293
2292
2290
2288
2287
2285
2284
2282
2280
2279
2277
2276
2274
2272
2271
2269
2268
2266
2265
2263
2261
2260
2258
2257
2255
2254
2252
2250
2249
2247
2246
2244
2243
2241
2239
2238
2236
2235
2233
2232
2230
2228
2227
2225
2224
2222
2221
2219
2217
2216
2214
2213
2211
2210
2208
2207
2205
2203
2202
2200
2199
2197
2196
2194
2193
2191
2189
2188
2186
2185
2183
2182
2180
2179
2177
2176
2174
2172
2171
2169
2168
2166
2165
2163
2162
2160
2159
2157
2155
2154
2152
2151
2149
2148
2146
2145
2143
2142
2140
2139
2137
2136
2134
2133
2131
2129
2128
2126
2125
2123
2122
2120
2119
2117
2116
2114
2113
2111
2110
2108
2107
2105
2104
2102
2101
2099
2098
2096
2094
2093
2091
2090
2088
2087
2085
2084
2082
2081
2079
2078
2076
2075
2073
2072
2070
2069
2067
2066
2064
2063
2061
2060
2058
2057
2055
2054
2052
2051
2049
2048
2046
2045
2043
2042
2040
2039
2037
2036
2034
2033
2031
2030
2029
2027
2026
2024
2023
2021
2020
2018
2017
2015
2014
2012
2011
2009
2008
2006
2005
2003
2002
2000
1999
1997
1996
1995
1993
1992
1990
1989
1987
1986
1984
1983
1981
1980
1978
1977
1975
1974
1973
1971
1970
1968
1967
1965
1964
1962
1961
1959
1958
1956
1955
1954
1952
1951
1949
1948
1946
1945
1943
1942
1941
1939
1938
1936
1935
1933
1932
1930
1929
1928
1926
1925
1923
1922
1920
1919
1917
1916
1915
1913
1912
1910
1909
1907
1906
1905
1903
1902
1900
1899
1897
1896
1894
1893
1892
1890
1889
1887
1886
1885
1883
1882
1880
1879
1877
1876
1875
1873
1872
1870
1869
1867
1866
1865
1863
1862
1860
1859
1858
1856
1855
1853
1852
1851
1849
1848
1846
1845
1843
1842
1841
1839
1838
1836
1835
1834
1832
1831
1829
1828
1827
1825
1824
1822
1821
1820
1818
1817
1816
1814
1813
1811
1810
1809
1807
1806
1804
1803
1802
1800
1799
1797
1796
1795
1793
1792
1791
1789
1788
1786
1785
1784
1782
1781
1780
1778
1777
1775
1774
1773
1771
1770
1769
1767
1766
1764
1763
1762
1760
1759
1758
1756
1755
1754
1752
1751
1749
1748
1747
1745
1744
1743
1741
1740
1739
1737
1736
1734
1733
1732
1730
1729
1728
1726
1725
1724
1722
1721
1720
1718
1717
1716
1714
1713
1712
1710
1709
1708
1706
1705
1703
1702
1701
1699
1698
1697
1695
1694
1693
1691
1690
1689
1687
1686
1685
1683
1682
1681
1679
1678
1677
1675
1674
1673
1672
1670
1669
1668
1666
1665
1664
1662
1661
1660
1658
1657
1656
1654
1653
1652
1650
1649
1648
1646
1645
1644
1643
1641
1640
1639
1637
1636
1635
1633
1632
1631
1629
1628
1627
1626
1624
1623
1622
1620
1619
1618
1616
1615
1614
1613
1611
1610
1609
1607
1606
1605
1604
1602
1601
1600
1598
1597
1596
1594
1593
1592
1591
1589
1588
1587
1586
1584
1583
1582
1580
1579
1578
1577
1575
1574
1573
1571
1570
1569
1568
1566
1565
1564
1563
1561
1560
1559
1557
1556
1555
1554
1552
1551
1550
1549
1547
1546
1545
1544
1542
1541
1540
1539
1537
1536
1535
1533
1532
1531
1530
1528
1527
1526
1525
1523
1522
1521
1520
1518
1517
1516
1515
1513
1512
1511
1510
1509
1507
1506
1505
1504
1502
1501
1500
1499
1497
1496
1495
1494
1492
1491
1490
1489
1487
1486
1485
1484
1483
1481
1480
1479
1478
1476
1475
1474
1473
1472
1470
1469
1468
1467
1465
1464
1463
1462
1461
1459
1458
1457
1456
1454
1453
1452
1451
1450
1448
1447
1446
1445
1444
1442
1441
1440
1439
1438
1436
1435
1434
1433
1432
1430
1429
1428
1427
1425
1424
1423
1422
1421
1420
1418
1417
1416
1415
1414
1412
1411
1410
1409
1408
1406
1405
1404
1403
1402
1400
1399
1398
1397
1396
1395
1393
1392
1391
1390
1389
1387
1386
1385
1384
1383
1382
1380
1379
1378
1377
1376
1375
1373
1372
1371
1370
1369
1368
1366
1365
1364
1363
1362
1361
1359
1358
1357
1356
1355
1354
1352
1351
1350
1349
1348
1347
1345
1344
1343
1342
1341
1340
1339
1337
1336
1335
1334
1333
1332
1331
1329
1328
1327
1326
1325
1324
1323
1321
1320
1319
1318
1317
1316
1315
1313
1312
1311
1310
1309
1308
1307
1305
1304
1303
1302
1301
1300
1299
1298
1296
1295
1294
1293
1292
1291
1290
1289
1287
1286
1285
1284
1283
1282
1281
1280
1278
1277
1276
1275
1274
1273
1272
1271
1270
1268
1267
1266
1265
1264
1263
1262
1261
1260
1258
1257
1256
1255
1254
1253
1252
1251
1250
1249
1247
1246
1245
1244
1243
1242
1241
1240
1239
1238
1236
1235
1234
1233
1232
1231
1230
1229
1228
1227
1226
1224
1223
1222
1221
1220
1219
1218
1217
1216
1215
1214
1213
1212
1210
1209
1208
1207
1206
1205
1204
1203
1202
1201
1200
1199
1198
1196
1195
1194
1193
1192
1191
1190
1189
1188
1187
1186
1185
1184
1183
1182
1181
1179
1178
1177
1176
1175
1174
1173
1172
1171
1170
1169
1168
1167
1166
1165
1164
1163
1162
1160
1159
1158
1157
1156
1155
1154
1153
1152
1151
1150
1149
1148
1147
1146
1145
1144
1143
1142
1141
1140
1139
1138
1137
1136
1134
1133
1132
1131
1130
1129
1128
1127
1126
1125
1124
1123
1122
1121
1120
1119
1118
1117
1116
1115
1114
1113
1112
1111
1110
1109
1108
1107
1106
1105
1104
1103
1102
1101
1100
1099
1098
1097
1096
1095
1094
1093
1092
1091
1090
1089
1088
1087
1086
1085
1084
1083
1082
1081
1080
1079
1078
1077
1076
1075
1074
1073
1072
1071
1070
1069
1068
1067
1066
1065
1064
1063
1062
1061
1060
1059
1058
1057
1056
1055
1054
1053
1052
1051
1050
1049
1048
1047
1046
1045
1044
1043
1042
1041
1040
1039
1038
1037
1036
1035
1034
1033
1032
1032
1031
1030
1029
1028
1027
1026
1025
1024
1023
1022
1021
1020
1019
1018
1017
1016
1015
1014
1013
1012
1011
1010
1009
1008
1008
1007
1006
1005
1004
1003
1002
1001
1000
999
998
997
996
995
994
993
992
991
990
990
989
988
987
986
985
984
983
982
981
980
979
978
977
976
976
975
974
973
972
971
970
969
968
967
966
965
964
963
963
962
961
960
959
958
957
956
955
954
953
952
952
951
950
949
948
947
946
945
944
943
942
941
941
940
939
938
937
936
935
934
933
932
932
931
930
929
928
927
926
925
924
923
923
922
921
920
919
918
917
916
915
914
914
913
912
911
910
909
908
907
906
906
905
904
903
902
901
900
899
899
898
897
896
895
894
893
892
892
891
890
889
888
887
886
885
885
884
883
882
881
880
879
878
878
877
876
875
874
873
872
872
871
870
869
868
867
866
866
865
864
863
862
861
860
860
859
858
857
856
855
854
854
853
852
851
850
849
849
848
847
846
845
844
843
843
842
841
840
839
838
838
837
836
835
834
833
833
832
831
830
829
828
828
827
826
825
824
823
823
822
821
820
819
818
818
817
816
815
814
814
813
812
811
810
809
809
808
807
806
805
805
804
803
802
801
800
800
799
798
797
796
796
795
794
793
792
792
791
790
789
788
788
787
786
785
784
784
783
782
781
780
780
779
778
777
776
776
775
774
773
772
772
771
770
769
768
768
767
766
765
765
764
763
762
761
761
760
759
758
757
757
756
755
754
754
753
752
751
750
750
749
748
747
747
746
745
744
744
743
742
741
740
740
739
738
737
737
736
735
734
734
733
732
731
731
730
729
728
727
727
726
725
724
724
723
722
721
721
720
719
718
718
717
716
715
715
714
713
712
712
711
710
709
709
708
707
706
706
705
704
704
703
702
701
701
700
699
698
698
697
696
695
695
694
693
692
692
691
690
690
689
688
687
687
686
685
684
684
683
682
682
681
680
679
679
678
677
677
676
675
674
674
673
672
671
671
670
669
669
668
667
666
666
665
664
664
663
662
662
661
660
659
659
658
657
657
656
655
654
654
653
652
652
651
650
650
649
648
647
647
646
645
645
644
643
643
642
641
640
640
639
638
638
637
636
636
635
634
634
633
632
632
631
630
629
629
628
627
627
626
625
625
624
623
623
622
621
621
620
619
619
618
617
617
616
615
615
614
613
613
612
611
611
610
609
609
608
607
607
606
605
605
604
603
603
602
601
601
600
599
599
598
597
597
596
595
595
594
593
593
592
591
591
590
589
589
588
587
587
586
586
585
584
584
583
582
582
581
580
580
579
578
578
577
577
576
575
575
574
573
573
572
571
571
570
569
569
568
568
567
566
566
565
564
564
563
563
562
561
561
560
559
559
558
558
557
556
556
555
554
554
553
553
552
551
551
550
549
549
548
548
547
546
546
545
544
544
543
543
542
541
541
540
540
539
538
538
537
537
536
535
535
534
533
533
532
532
531
530
530
529
529
528
527
527
526
526
525
524
524
523
523
522
521
521
520
520
519
519
518
517
517
516
516
515
514
514
513
513
512
511
511
510
510
509
508
508
507
507
506
506
505
504
504
503
503
502
502
501
500
500
499
499
498
497
497
496
496
495
495
494
493
493
492
492
491
491
490
489
489
488
488
487
487
486
485
485
484
484
483
483
482
482
481
480
480
479
479
478
478
477
477
476
475
475
474
474
473
473
472
472
471
470
470
469
469
468
468
467
467
466
465
465
464
464
463
463
462
462
461
461
460
459
459
458
458
457
457
456
456
455
455
454
454
453
452
452
451
451
450
450
449
449
448
448
447
447
446
445
445
444
444
443
443
442
442
441
441
440
440
439
439
438
438
437
437
436
435
435
434
434
433
433
432
432
431
431
430
430
429
429
428
428
427
427
426
426
425
425
424
424
423
423
422
422
421
421
420
420
419
419
418
418
417
417
416
416
415
414
414
413
413
412
412
411
411
410
410
409
409
408
408
408
407
407
406
406
405
405
404
404
403
403
402
402
401
401
400
400
399
399
398
398
397
397
396
396
395
395
394
394
393
393
392
392
391
391
390
390
389
389
388
388
388
387
387
386
386
385
385
384
384
383
383
382
382
381
381
380
380
379
379
379
378
378
377
377
376
376
375
375
374
374
373
373
372
372
372
371
371
370
370
369
369
368
368
367
367
366
366
366
365
365
364
364
363
363
362
362
361
361
361
360
360
359
359
358
358
357
357
356
356
356
355
355
354
354
353
353
352
352
352
351
351
350
350
349
349
348
348
348
347
347
346
346
345
345
344
344
344
343
343
342
342
341
341
341
340
340
339
339
338
338
338
337
337
336
336
335
335
335
334
334
333
333
332
332
332
331
331
330
330
329
329
329
328
328
327
327
326
326
326
325
325
324
324
324
323
323
322
322
321
321
321
320
320
319
319
319
318
318
317
317
316
316
316
315
315
314
314
314
313
313
312
312
312
311
311
310
310
310
309
309
308
308
308
307
307
306
306
306
305
305
304
304
304
303
303
302
302
302
301
301
300
300
300
299
299
298
298
298
297
297
296
296
296
295
295
295
294
294
293
293
293
292
292
291
291
291
290
290
289
289
289
288
288
288
287
287
286
286
286
285
285
285
284
284
283
283
283
282
282
282
281
281
280
280
280
279
279
279
278
278
277
277
277
276
276
276
275
275
274
274
274
273
273
273
272
272
271
271
271
270
270
270
269
269
269
268
268
267
267
267
266
266
266
265
265
265
264
264
264
263
263
262
262
262
261
261
261
260
260
260
259
259
259
258
258
258
257
257
256
256
256
255
255
255
254
254
254
253
253
253
252
252
252
251
251
251
250
250
250
249
249
249
248
248
247
247
247
246
246
246
245
245
245
244
244
244
243
243
243
242
242
242
241
241
241
240
240
240
239
239
239
238
238
238
237
237
237
236
236
236
235
235
235
234
234
234
233
233
233
233
232
232
232
231
231
231
230
230
230
229
229
229
228
228
228
227
227
227
226
226
226
225
225
225
224
224
224
224
223
223
223
222
222
222
221
221
221
220
220
220
219
219
219
219
218
218
218
217
217
217
216
216
216
215
215
215
215
214
214
214
213
213
213
212
212
212
212
211
211
211
210
210
210
209
209
209
209
208
208
208
207
207
207
206
206
206
206
205
205
205
204
204
204
203
203
203
203
202
202
202
201
201
201
201
200
200
200
199
199
199
199
198
198
198
197
197
197
197
196
196
196
195
195
195
195
194
194
194
193
193
193
193
192
192
192
191
191
191
191
190
190
190
189
189
189
189
188
188
188
188
187
187
187
186
186
186
186
185
185
185
185
184
184
184
183
183
183
183
182
182
182
182
181
181
181
180
180
180
180
179
179
179
179
178
178
178
178
177
177
177
177
176
176
176
175
175
175
175
174
174
174
174
173
173
173
173
172
172
172
172
171
171
171
171
170
170
170
170
169
169
169
168
168
168
168
167
167
167
167
166
166
166
166
165
165
165
165
164
164
164
164
163
163
163
163
162
162
162
162
162
161
161
161
161
160
160
160
160
159
159
159
159
158
158
158
158
157
157
157
157
156
156
156
156
155
155
155
155
155
154
154
154
154
153
153
153
153
152
152
152
152
151
151
151
151
151
150
150
150
150
149
149
149
149
148
148
148
148
148
147
147
147
147
146
146
146
146
145
145
145
145
145
144
144
144
144
143
143
143
143
143
142
142
142
142
141
141
141
141
141
140
140
140
140
139
139
139
139
139
138
138
138
138
137
137
137
137
137
136
136
136
136
136
135
135
135
135
134
134
134
134
134
133
133
133
133
133
132
132
132
132
132
131
131
131
131
130
130
130
130
130
129
129
129
129
129
128
128
128
128
128
127
127
127
127
127
126
126
126
126
126
125
125
125
125
125
124
124
124
124
124
123
123
123
123
123
122
122
122
122
122
121
121
121
121
121
120
120
120
120
120
119
119
119
119
119
118
118
118
118
118
117
117
117
117
117
117
116
116
116
116
116
115
115
115
115
115
114
114
114
114
114
113
113
113
113
113
113
112
112
112
112
112
111
111
111
111
111
111
110
110
110
110
110
109
109
109
109
109
109
108
108
108
108
108
107
107
107
107
107
107
106
106
106
106
106
105
105
105
105
105
105
104
104
104
104
104
104
103
103
103
103
103
103
102
102
102
102
102
101
101
101
101
101
101
100
100
100
100
100
100
99
99
99
99
99
99
98
98
98
98
98
98
97
97
97
97
97
97
96
96
96
96
96
96
95
95
95
95
95
95
94
94
94
94
94
94
94
93
93
93
93
93
93
92
92
92
92
92
92
91
91
91
91
91
91
90
90
90
90
90
90
90
89
89
89
89
89
89
88
88
88
88
88
88
88
87
87
87
87
87
87
86
86
86
86
86
86
86
85
85
85
85
85
85
85
84
84
84
84
84
84
84
83
83
83
83
83
83
82
82
82
82
82
82
82
81
81
81
81
81
81
81
80
80
80
80
80
80
80
79
79
79
79
79
79
79
78
78
78
78
78
78
78
77
77
77
77
77
77
77
77
76
76
76
76
76
76
76
75
75
75
75
75
75
75
74
74
74
74
74
74
74
74
73
73
73
73
73
73
73
72
72
72
72
72
72
72
72
71
71
71
71
71
71
71
71
70
70
70
70
70
70
70
69
69
69
69
69
69
69
69
68
68
68
68
68
68
68
68
67
67
67
67
67
67
67
67
66
66
66
66
66
66
66
66
65
65
65
65
65
65
65
65
65
64
64
64
64
64
64
64
64
63
63
63
63
63
63
63
63
63
62
62
62
62
62
62
62
62
61
61
61
61
61
61
61
61
61
60
60
60
60
60
60
60
60
59
59
59
59
59
59
59
59
59
58
58
58
58
58
58
58
58
58
57
57
57
57
57
57
57
57
57
57
56
56
56
56
56
56
56
56
56
55
55
55
55
55
55
55
55
55
54
54
54
54
54
54
54
54
54
54
53
53
53
53
53
53
53
53
53
52
52
52
52
52
52
52
52
52
52
51
51
51
51
51
51
51
51
51
51
50
50
50
50
50
50
50
50
50
50
49
49
49
49
49
49
49
49
49
49
49
48
48
48
48
48
48
48
48
48
48
47
47
47
47
47
47
47
47
47
47
47
46
46
46
46
46
46
46
46
46
46
45
45
45
45
45
45
45
45
45
45
45
44
44
44
44
44
44
44
44
44
44
44
43
43
43
43
43
43
43
43
43
43
43
43
42
42
42
42
42
42
42
42
42
42
42
41
41
41
41
41
41
41
41
41
41
41
41
40
40
40
40
40
40
40
40
40
40
40
40
39
39
39
39
39
39
39
39
39
39
39
39
38
38
38
38
38
38
38
38
38
38
38
38
38
37
37
37
37
37
37
37
37
37
37
37
37
37
36
36
36
36
36
36
36
36
36
36
36
36
36
35
35
35
35
35
35
35
35
35
35
35
35
35
34
34
34
34
34
34
34
34
34
34
34
34
34
34
33
33
33
33
33
33
33
33
33
33
33
33
33
33
32
32
32
32
32
32
32
32
32
32
32
32
32
32
31
31
31
31
31
31
31
31
31
31
31
31
31
31
31
30
30
30
30
30
30
30
30
30
30
30
30
30
30
30
29
29
29
29
29
29
29
29
29
29
29
29
29
29
29
28
28
28
28
28
28
28
28
28
28
28
28
28
28
28
28
27
27
27
27
27
27
27
27
27
27
27
27
27
27
27
27
26
26
26
26
26
26
26
26
26
26
26
26
26
26
26
26
26
25
25
25
25
25
25
25
25
25
25
25
25
25
25
25
25
25
24
24
24
24
24
24
24
24
24
24
24
24
24
24
24
24
24
24
23
23
23
23
23
23
23
23
23
23
23
23
23
23
23
23
23
23
22
22
22
22
22
22
22
22
22
22
22
22
22
22
22
22
22
22
22
21
21
21
21
21
21
21
21
21
21
21
21
21
21
21
21
21
21
21
21
20
20
20
20
20
20
20
20
20
20
20
20
20
20
20
20
20
20
20
20
20
19
19
19
19
19
19
19
19
19
19
19
19
19
19
19
19
19
19
19
19
19
18
18
18
18
18
18
18
18
18
18
18
18
18
18
18
18
18
18
18
18
18
18
17
17
17
17
17
17
17
17
17
17
17
17
17
17
17
17
17
17
17
17
17
17
17
16
16
16
16
16
16
16
16
16
16
16
16
16
16
16
16
16
16
16
16
16
16
16
16
16
15
15
15
15
15
15
15
15
15
15
15
15
15
15
15
15
15
15
15
15
15
15
15
15
15
14
14
14
14
14
14
14
14
14
14
14
14
14
14
14
14
14
14
14
14
14
14
14
14
14
14
14
13
13
13
13
13
13
13
13
13
13
13
13
13
13
13
13
13
13
13
13
13
13
13
13
13
13
13
13
12
12
12
12
12
12
12
12
12
12
12
12
12
12
12
12
12
12
12
12
12
12
12
12
12
12
12
12
12
12
11
11
11
11
11
11
11
11
11
11
11
11
11
11
11
11
11
11
11
11
11
11
11
11
11
11
11
11
11
11
11
11
11
10
10
10
10
10
10
10
10
10
10
10
10
10
10
10
10
10
10
10
10
10
10
10
10
10
10
10
10
10
10
10
10
10
10
9
9
9
9
9
9
9
9
9
9
9
9
9
9
9
9
9
9
9
9
9
9
9
9
9
9
9
9
9
9
9
9
9
9
9
9
9
8
8
8
8
8
8
8
8
8
8
8
8
8
8
8
8
8
8
8
8
8
8
8
8
8
8
8
8
8
8
8
8
8
8
8
8
8
8
8
8
8
7
7
7
7
7
7
7
7
7
7
7
7
7
7
7
7
7
7
7
7
7
7
7
7
7
7
7
7
7
7
7
7
7
7
7
7
7
7
7
7
7
7
7
7
7
6
6
6
6
6
6
6
6
6
6
6
6
6
6
6
6
6
6
6
6
6
6
6
6
6
6
6
6
6
6
6
6
6
6
6
6
6
6
6
6
6
6
6
6
6
6
6
6
6
6
5
5
5
5
5
5
5
5
5
5
5
5
5
5
5
5
5
5
5
5
5
5
5
5
5
5
5
5
5
5
5
5
5
5
5
5
5
5
5
5
5
5
5
5
5
5
5
5
5
5
5
5
5
5
5
5
5
4
4
4
4
4
4
4
4
4
4
4
4
4
4
4
4
4
4
4
4
4
4
4
4
4
4
4
4
4
4
4
4
4
4
4
4
4
4
4
4
4
4
4
4
4
4
4
4
4
4
4
4
4
4
4
4
4
4
4
4
4
4
4
4
4
4
4
3
3
3
3
3
3
3
3
3
3
3
3
3
3
3
3
3
3
3
3
3
3
3
3
3
3
3
3
3
3
3
3
3
3
3
3
3
3
3
3
3
3
3
3
3
3
3
3
3
3
3
3
3
3
3
3
3
3
3
3
3
3
3
3
3
3
3
3
3
3
3
3
3
3
3
3
3
3
3
3
3
2
2
2
2
2
2
2
2
2
2
2
2
2
2
2
2
2
2
2
2
2
2
250
