16384
16384
16384
16383
16383
16382
16381
16380
16379
16378
16376
16375
16373
16371
16369
16367
16364
16362
16359
16356
16353
16350
16347
16343
16340
16336
16332
16328
16323
16319
16315
16310
16305
16300
16295
16289
16284
16278
16273
16267
16261
16254
16248
16241
16235
16228
16221
16214
16206
16199
16191
16183
16176
16167
16159
16151
16142
16134
16125
16116
16107
16097
16088
16078
16069
16059
16049
16038
16028
16018
16007
15996
15985
15974
15963
15951
15940
15928
15916
15904
15892
15880
15867
15855
15842
15829
15816
15803
15789
15776
15762
15748
15734
15720
15706
15692
15677
15662
15648
15633
15617
15602
15587
15571
15555
15540
15524
15507
15491
15475
15458
15441
15424
15407
15390
15373
15355
15338
15320
15302
15284
15266
15247
15229
15210
15192
15173
15154
15134
15115
15096
15076
15056
15036
15016
14996
14976
14955
14935
14914
14893
14872
14851
14829
14808
14786
14765
14743
14721
14699
14676
14654
14631
14609
14586
14563
14540
14516
14493
14469
14446
14422
14398
14374
14350
14325
14301
14276
14251
14227
14202
14176
14151
14126
14100
14074
14049
14023
13997
13970
13944
13917
13891
13864
13837
13810
13783
13756
13728
13701
13673
13645
13618
13590
13561
13533
13505
13476
13447
13419
13390
13361
13331
13302
13273
13243
13213
13184
13154
13124
13093
13063
13033
13002
12971
12941
12910
12879
12848
12816
12785
12753
12722
12690
12658
12626
12594
12562
12529
12497
12464
12431
12399
12366
12333
12299
12266
12233
12199
12166
12132
12098
12064
12030
11996
11961
11927
11892
11858
11823
11788
11753
11718
11683
11647
11612
11576
11541
11505
11469
11433
11397
11361
11324
11288
11252
11215
11178
11141
11104
11067
11030
10993
10956
10918
10881
10843
10805
10767
10729
10691
10653
10615
10576
10538
10499
10461
10422
10383
10344
10305
10266
10226
10187
10148
10108
10068
10029
9989
9949
9909
9869
9829
9788
9748
9707
9667
9626
9585
9545
9504
9463
9422
9380
9339
9298
9256
9215
9173
9131
9089
9047
9005
8963
8921
8879
8837
8794
8752
8709
8667
8624
8581
8538
8495
8452
8409
8366
8322
8279
8236
8192
8148
8105
8061
8017
7973
7929
7885
7841
7797
7752
7708
7664
7619
7575
7530
7485
7440
7396
7351
7306
7261
7215
7170
7125
7080
7034
6989
6943
6898
6852
6806
6760
6714
6669
6623
6577
6530
6484
6438
6392
6345
6299
6252
6206
6159
6113
6066
6019
5972
5925
5879
5832
5785
5737
5690
5643
5596
5548
5501
5454
5406
5359
5311
5263
5216
5168
5120
5073
5025
4977
4929
4881
4833
4785
4736
4688
4640
4592
4543
4495
4447
4398
4350
4301
4253
4204
4155
4107
4058
4009
3960
3912
3863
3814
3765
3716
3667
3618
3569
3520
3470
3421
3372
3323
3273
3224
3175
3125
3076
3027
2977
2928
2878
2829
2779
2729
2680
2630
2580
2531
2481
2431
2381
2332
2282
2232
2182
2132
2082
2032
1983
1933
1883
1833
1783
1733
1683
1633
1582
1532
1482
1432
1382
1332
1282
1232
1181
1131
1081
1031
981
930
880
830
780
729
679
629
578
528
478
428
377
327
277
226
176
126
75
25
-25
-75
-126
-176
-226
-277
-327
-377
-428
-478
-528
-578
-629
-679
-729
-780
-830
-880
-930
-981
-1031
-1081
-1131
-1181
-1232
-1282
-1332
-1382
-1432
-1482
-1532
-1582
-1633
-1683
-1733
-1783
-1833
-1883
-1933
-1983
-2032
-2082
-2132
-2182
-2232
-2282
-2332
-2381
-2431
-2481
-2531
-2580
-2630
-2680
-2729
-2779
-2829
-2878
-2928
-2977
-3027
-3076
-3125
-3175
-3224
-3273
-3323
-3372
-3421
-3470
-3520
-3569
-3618
-3667
-3716
-3765
-3814
-3863
-3912
-3960
-4009
-4058
-4107
-4155
-4204
-4253
-4301
-4350
-4398
-4447
-4495
-4543
-4592
-4640
-4688
-4736
-4785
-4833
-4881
-4929
-4977
-5025
-5073
-5120
-5168
-5216
-5263
-5311
-5359
-5406
-5454
-5501
-5548
-5596
-5643
-5690
-5737
-5785
-5832
-5879
-5925
-5972
-6019
-6066
-6113
-6159
-6206
-6252
-6299
-6345
-6392
-6438
-6484
-6530
-6577
-6623
-6669
-6714
-6760
-6806
-6852
-6898
-6943
-6989
-7034
-7080
-7125
-7170
-7215
-7261
-7306
-7351
-7396
-7440
-7485
-7530
-7575
-7619
-7664
-7708
-7752
-7797
-7841
-7885
-7929
-7973
-8017
-8061
-8105
-8148
-8192
-8236
-8279
-8322
-8366
-8409
-8452
-8495
-8538
-8581
-8624
-8667
-8709
-8752
-8794
-8837
-8879
-8921
-8963
-9005
-9047
-9089
-9131
-9173
-9215
-9256
-9298
-9339
-9380
-9422
-9463
-9504
-9545
-9585
-9626
-9667
-9707
-9748
-9788
-9829
-9869
-9909
-9949
-9989
-10029
-10068
-10108
-10148
-10187
-10226
-10266
-10305
-10344
-10383
-10422
-10461
-10499
-10538
-10576
-10615
-10653
-10691
-10729
-10767
-10805
-10843
-10881
-10918
-10956
-10993
-11030
-11067
-11104
-11141
-11178
-11215
-11252
-11288
-11324
-11361
-11397
-11433
-11469
-11505
-11541
-11576
-11612
-11647
-11683
-11718
-11753
-11788
-11823
-11858
-11892
-11927
-11961
-11996
-12030
-12064
-12098
-12132
-12166
-12199
-12233
-12266
-12299
-12333
-12366
-12399
-12431
-12464
-12497
-12529
-12562
-12594
-12626
-12658
-12690
-12722
-12753
-12785
-12816
-12848
-12879
-12910
-12941
-12971
-13002
-13033
-13063
-13093
-13124
-13154
-13184
-13213
-13243
-13273
-13302
-13331
-13361
-13390
-13419
-13447
-13476
-13505
-13533
-13561
-13590
-13618
-13645
-13673
-13701
-13728
-13756
-13783
-13810
-13837
-13864
-13891
-13917
-13944
-13970
-13997
-14023
-14049
-14074
-14100
-14126
-14151
-14176
-14202
-14227
-14251
-14276
-14301
-14325
-14350
-14374
-14398
-14422
-14446
-14469
-14493
-14516
-14540
-14563
-14586
-14609
-14631
-14654
-14676
-14699
-14721
-14743
-14765
-14786
-14808
-14829
-14851
-14872
-14893
-14914
-14935
-14955
-14976
-14996
-15016
-15036
-15056
-15076
-15096
-15115
-15134
-15154
-15173
-15192
-15210
-15229
-15247
-15266
-15284
-15302
-15320
-15338
-15355
-15373
-15390
-15407
-15424
-15441
-15458
-15475
-15491
-15507
-15524
-15540
-15555
-15571
-15587
-15602
-15617
-15633
-15648
-15662
-15677
-15692
-15706
-15720
-15734
-15748
-15762
-15776
-15789
-15803
-15816
-15829
-15842
-15855
-15867
-15880
-15892
-15904
-15916
-15928
-15940
-15951
-15963
-15974
-15985
-15996
-16007
-16018
-16028
-16038
-16049
-16059
-16069
-16078
-16088
-16097
-16107
-16116
-16125
-16134
-16142
-16151
-16159
-16167
-16176
-16183
-16191
-16199
-16206
-16214
-16221
-16228
-16235
-16241
-16248
-16254
-16261
-16267
-16273
-16278
-16284
-16289
-16295
-16300
-16305
-16310
-16315
-16319
-16323
-16328
-16332
-16336
-16340
-16343
-16347
-16350
-16353
-16356
-16359
-16362
-16364
-16367
-16369
-16371
-16373
-16375
-16376
-16378
-16379
-16380
-16381
-16382
-16383
-16383
-16384
-16384
-16384
0
0
0
0
0
0
0
0
0
0
0
0
0
0
0
0
0
0
0
0
0
0
0
0
0
0
0
0
0
0
0
0
0
0
0
0
0
0
0
0
0
0
0
0
0
0
0
0
0
0
0
0
0
0
0
0
0
0
0
0
0
0
0
0
0
0
0
0
0
0
0
0
0
0
0
0
0
0
0
0
0
0
0
0
0
0
0
0
0
0
0
0
0
0
0
0
0
0
0
0
0
0
0
0
0
0
0
0
0
0
0
0
0
0
0
0
0
0
0
0
0
0
0
0
0
0
0
0
0
0
0
0
0
0
0
0
0
0
0
0
0
0
0
0
0
0
0
0
0
0
0
0
0
0
0
0
0
0
0
0
0
0
0
0
0
0
0
0
0
0
0
0
0
0
0
0
0
0
0
0
0
0
0
0
0
0
0
0
0
0
0
0
0
0
0
0
0
0
0
0
0
0
0
0
0
0
0
0
0
0
0
0
0
0
0
0
0
0
0
0
0
0
0
0
0
0
0
0
0
0
0
0
0
0
0
0
0
0
0
0
0
0
0
0
0
0
0
0
0
0
0
0
0
0
0
0
0
0
0
0
0
0
0
0
0
0
0
0
0
0
0
0
0
0
0
0
0
0
0
0
0
0
0
0
0
0
0
0
0
0
0
0
0
0
0
0
0
0
0
0
0
0
0
0
0
0
0
0
0
0
0
0
0
0
0
0
0
0
0
0
0
0
0
0
0
0
0
0
0
0
0
0
0
0
0
0
0
0
0
0
0
0
0
0
0
0
0
0
0
0
0
0
0
0
0
0
0
0
0
0
0
0
0
0
0
0
0
0
0
0
0
0
0
0
0
0
0
0
0
0
0
0
0
0
0
0
0
0
0
0
0
0
0
0
0
0
0
0
0
0
0
0
0
0
0
0
0
0
0
0
0
0
0
0
0
0
0
0
0
0
0
0
0
0
0
0
0
0
0
0
0
0
0
0
0
0
0
0
0
0
0
0
0
0
0
0
0
0
0
0
0
0
0
0
0
0
0
0
0
0
0
0
0
0
0
0
0
0
0
0
0
0
0
0
0
0
0
0
0
0
0
0
0
0
0
0
0
0
0
0
0
0
0
0
0
0
0
0
0
0
0
0
0
0
0
0
0
0
0
0
0
0
0
0
0
0
0
0
0
0
0
0
0
0
0
0
0
0
0
0
0
0
0
0
0
0
0
0
0
0
0
0
0
0
0
0
0
0
0
0
0
0
0
0
0
0
0
0
0
0
0
0
0
0
0
0
0
0
0
0
0
0
0
0
0
0
0
0
0
0
0
0
0
0
0
0
0
0
0
0
0
0
0
0
0
0
0
0
0
0
0
0
0
0
0
0
0
0
0
0
0
0
0
0
0
0
0
0
0
0
0
0
0
0
0
0
0
0
0
0
0
0
0
0
0
0
0
0
0
0
0
0
0
0
0
0
0
0
0
0
0
0
0
0
0
0
0
0
0
0
0
0
0
0
0
0
0
0
0
0
0
0
0
0
0
0
0
0
0
0
0
0
0
0
0
0
0
0
0
0
0
0
0
0
0
0
0
0
0
0
0
0
0
0
0
0
0
0
0
0
0
0
0
0
0
0
0
0
0
0
0
0
0
0
0
0
0
0
0
0
0
0
0
0
0
0
0
0
0
0
0
0
0
0
0
0
0
0
0
0
0
0
0
0
0
0
0
0
0
0
0
0
0
0
0
0
0
0
0
0
0
0
0
0
0
0
0
0
0
0
0
0
0
0
0
0
0
0
0
0
0
0
0
0
0
0
0
0
0
0
0
0
0
0
0
0
0
0
0
0
0
0
0
0
0
0
0
0
0
0
0
0
0
0
0
0
0
0
0
0
0
0
0
0
0
0
0
0
0
0
0
0
0
0
0
0
0
0
0
0
0
0
0
0
0
0
0
0
0
0
0
0
0
0
0
0
0
0
0
0
0
0
0
0
0
0
0
0
0
0
0
0
0
0
0
0
0
0
0
0
0
0
0
0
0
0
0
0
0
0
0
0
0
0
0
0
0
0
0
0
0
0
0
0
0
0
0
0
0
0
0
0
0
0
0
0
0
0
0
0
0
0
0
0
0
0
0
0
0
0
0
0
0
0
0
0
0
0
0
0
0
0
0
0
0
0
0
0
0
0
0
0
0
0
0
0
0
0
0
0
0
0
0
0
0
0
0
0
0
0
0
0
0
0
0
0
0
0
0
0
0
0
0
0
0
0
0
0
0
0
0
0
0
0
0
0
0
0
0
0
0
0
0
0
0
0
0
0
0
0
0
0
0
0
