0
50
101
151
201
252
302
352
402
453
503
553
604
654
704
754
805
855
905
955
1006
1056
1106
1156
1206
1257
1307
1357
1407
1457
1507
1557
1607
1658
1708
1758
1808
1858
1908
1958
2008
2057
2107
2157
2207
2257
2307
2357
2406
2456
2506
2556
2605
2655
2705
2754
2804
2853
2903
2952
3002
3051
3101
3150
3199
3249
3298
3347
3397
3446
3495
3544
3593
3642
3691
3740
3789
3838
3887
3936
3985
4034
4082
4131
4180
4228
4277
4325
4374
4422
4471
4519
4568
4616
4664
4712
4761
4809
4857
4905
4953
5001
5049
5096
5144
5192
5240
5287
5335
5382
5430
5477
5525
5572
5619
5667
5714
5761
5808
5855
5902
5949
5996
6043
6089
6136
6183
6229
6276
6322
6369
6415
6461
6507
6553
6600
6646
6692
6737
6783
6829
6875
6920
6966
7011
7057
7102
7148
7193
7238
7283
7328
7373
7418
7463
7508
7552
7597
7641
7686
7730
7775
7819
7863
7907
7951
7995
8039
8083
8127
8170
8214
8257
8301
8344
8387
8430
8474
8517
8560
8602
8645
8688
8731
8773
8815
8858
8900
8942
8984
9026
9068
9110
9152
9194
9235
9277
9318
9360
9401
9442
9483
9524
9565
9606
9647
9687
9728
9768
9808
9849
9889
9929
9969
10009
10049
10088
10128
10167
10207
10246
10285
10324
10363
10402
10441
10480
10519
10557
10596
10634
10672
10710
10748
10786
10824
10862
10899
10937
10974
11012
11049
11086
11123
11160
11197
11233
11270
11306
11343
11379
11415
11451
11487
11523
11559
11594
11630
11665
11700
11735
11771
11805
11840
11875
11910
11944
11978
12013
12047
12081
12115
12149
12182
12216
12249
12283
12316
12349
12382
12415
12448
12481
12513
12545
12578
12610
12642
12674
12706
12738
12769
12801
12832
12863
12894
12925
12956
12987
13017
13048
13078
13109
13139
13169
13199
13228
13258
13287
13317
13346
13375
13404
13433
13462
13490
13519
13547
13575
13604
13632
13659
13687
13715
13742
13769
13797
13824
13851
13878
13904
13931
13957
13983
14010
14036
14062
14087
14113
14138
14164
14189
14214
14239
14264
14289
14313
14337
14362
14386
14410
14434
14458
14481
14505
14528
14551
14574
14597
14620
14643
14665
14687
14710
14732
14754
14775
14797
14819
14840
14861
14882
14903
14924
14945
14965
14986
15006
15026
15046
15066
15086
15105
15125
15144
15163
15182
15201
15220
15238
15257
15275
15293
15311
15329
15347
15364
15382
15399
15416
15433
15450
15466
15483
15499
15516
15532
15548
15563
15579
15595
15610
15625
15640
15655
15670
15684
15699
15713
15727
15741
15755
15769
15783
15796
15809
15822
15835
15848
15861
15874
15886
15898
15910
15922
15934
15946
15957
15968
15980
15991
16002
16012
16023
16033
16044
16054
16064
16073
16083
16093
16102
16111
16120
16129
16138
16147
16155
16163
16172
16180
16187
16195
16203
16210
16217
16224
16231
16238
16245
16251
16257
16264
16270
16275
16281
16287
16292
16297
16302
16307
16312
16317
16321
16326
16330
16334
16338
16341
16345
16348
16352
16355
16358
16360
16363
16365
16368
16370
16372
16374
16375
16377
16378
16380
16381
16382
16382
16383
16384
16384
16384
16384
16384
16384
16383
16382
16382
16381
16380
16378
16377
16375
16374
16372
16370
16368
16365
16363
16360
16358
16355
16352
16348
16345
16341
16338
16334
16330
16326
16321
16317
16312
16307
16302
16297
16292
16287
16281
16275
16270
16264
16257
16251
16245
16238
16231
16224
16217
16210
16203
16195
16187
16180
16172
16163
16155
16147
16138
16129
16120
16111
16102
16093
16083
16073
16064
16054
16044
16033
16023
16012
16002
15991
15980
15968
15957
15946
15934
15922
15910
15898
15886
15874
15861
15848
15835
15822
15809
15796
15783
15769
15755
15741
15727
15713
15699
15684
15670
15655
15640
15625
15610
15595
15579
15563
15548
15532
15516
15499
15483
15466
15450
15433
15416
15399
15382
15364
15347
15329
15311
15293
15275
15257
15238
15220
15201
15182
15163
15144
15125
15105
15086
15066
15046
15026
15006
14986
14965
14945
14924
14903
14882
14861
14840
14819
14797
14775
14754
14732
14710
14687
14665
14643
14620
14597
14574
14551
14528
14505
14481
14458
14434
14410
14386
14362
14337
14313
14289
14264
14239
14214
14189
14164
14138
14113
14087
14062
14036
14010
13983
13957
13931
13904
13878
13851
13824
13797
13769
13742
13715
13687
13659
13632
13604
13575
13547
13519
13490
13462
13433
13404
13375
13346
13317
13287
13258
13228
13199
13169
13139
13109
13078
13048
13017
12987
12956
12925
12894
12863
12832
12801
12769
12738
12706
12674
12642
12610
12578
12545
12513
12481
12448
12415
12382
12349
12316
12283
12249
12216
12182
12149
12115
12081
12047
12013
11978
11944
11910
11875
11840
11805
11771
11735
11700
11665
11630
11594
11559
11523
11487
11451
11415
11379
11343
11306
11270
11233
11197
11160
11123
11086
11049
11012
10974
10937
10899
10862
10824
10786
10748
10710
10672
10634
10596
10557
10519
10480
10441
10402
10363
10324
10285
10246
10207
10167
10128
10088
10049
10009
9969
9929
9889
9849
9808
9768
9728
9687
9647
9606
9565
9524
9483
9442
9401
9360
9318
9277
9235
9194
9152
9110
9068
9026
8984
8942
8900
8858
8815
8773
8731
8688
8645
8602
8560
8517
8474
8430
8387
8344
8301
8257
8214
8170
8127
8083
8039
7995
7951
7907
7863
7819
7775
7730
7686
7641
7597
7552
7508
7463
7418
7373
7328
7283
7238
7193
7148
7102
7057
7011
6966
6920
6875
6829
6783
6737
6692
6646
6600
6553
6507
6461
6415
6369
6322
6276
6229
6183
6136
6089
6043
5996
5949
5902
5855
5808
5761
5714
5667
5619
5572
5525
5477
5430
5382
5335
5287
5240
5192
5144
5096
5049
5001
4953
4905
4857
4809
4761
4712
4664
4616
4568
4519
4471
4422
4374
4325
4277
4228
4180
4131
4082
4034
3985
3936
3887
3838
3789
3740
3691
3642
3593
3544
3495
3446
3397
3347
3298
3249
3199
3150
3101
3051
3002
2952
2903
2853
2804
2754
2705
2655
2605
2556
2506
2456
2406
2357
2307
2257
2207
2157
2107
2057
2008
1958
1908
1858
1808
1758
1708
1658
1607
1557
1507
1457
1407
1357
1307
1257
1206
1156
1106
1056
1006
955
905
855
805
754
704
654
604
553
503
453
402
352
302
252
201
151
101
50
0
0
0
0
0
0
0
0
0
0
0
0
0
0
0
0
0
0
0
0
0
0
0
0
0
0
0
0
0
0
0
0
0
0
0
0
0
0
0
0
0
0
0
0
0
0
0
0
0
0
0
0
0
0
0
0
0
0
0
0
0
0
0
0
0
0
0
0
0
0
0
0
0
0
0
0
0
0
0
0
0
0
0
0
0
0
0
0
0
0
0
0
0
0
0
0
0
0
0
0
0
0
0
0
0
0
0
0
0
0
0
0
0
0
0
0
0
0
0
0
0
0
0
0
0
0
0
0
0
0
0
0
0
0
0
0
0
0
0
0
0
0
0
0
0
0
0
0
0
0
0
0
0
0
0
0
0
0
0
0
0
0
0
0
0
0
0
0
0
0
0
0
0
0
0
0
0
0
0
0
0
0
0
0
0
0
0
0
0
0
0
0
0
0
0
0
0
0
0
0
0
0
0
0
0
0
0
0
0
0
0
0
0
0
0
0
0
0
0
0
0
0
0
0
0
0
0
0
0
0
0
0
0
0
0
0
0
0
0
0
0
0
0
0
0
0
0
0
0
0
0
0
0
0
0
0
0
0
0
0
0
0
0
0
0
0
0
0
0
0
0
0
0
0
0
0
0
0
0
0
0
0
0
0
0
0
0
0
0
0
0
0
0
0
0
0
0
0
0
0
0
0
0
0
0
0
0
0
0
0
0
0
0
0
0
0
0
0
0
0
0
0
0
0
0
0
0
0
0
0
0
0
0
0
0
0
0
0
0
0
0
0
0
0
0
0
0
0
0
0
0
0
0
0
0
0
0
0
0
0
0
0
0
0
0
0
0
0
0
0
0
0
0
0
0
0
0
0
0
0
0
0
0
0
0
0
0
0
0
0
0
0
0
0
0
0
0
0
0
0
0
0
0
0
0
0
0
0
0
0
0
0
0
0
0
0
0
0
0
0
0
0
0
0
0
0
0
0
0
0
0
0
0
0
0
0
0
0
0
0
0
0
0
0
0
0
0
0
0
0
0
0
0
0
0
0
0
0
0
0
0
0
0
0
0
0
0
0
0
0
0
0
0
0
0
0
0
0
0
0
0
0
0
0
0
0
0
0
0
0
0
0
0
0
0
0
0
0
0
0
0
0
0
0
0
0
0
0
0
0
0
0
0
0
0
0
0
0
0
0
0
0
0
0
0
0
0
0
0
0
0
0
0
0
0
0
0
0
0
0
0
0
0
0
0
0
0
0
0
0
0
0
0
0
0
0
0
0
0
0
0
0
0
0
0
0
0
0
0
0
0
0
0
0
0
0
0
0
0
0
0
0
0
0
0
0
0
0
0
0
0
0
0
0
0
0
0
0
0
0
0
0
0
0
0
0
0
0
0
0
0
0
0
0
0
0
0
0
0
0
0
0
0
0
0
0
0
0
0
0
0
0
0
0
0
0
0
0
0
0
0
0
0
0
0
0
0
0
0
0
0
0
0
0
0
0
0
0
0
0
0
0
0
0
0
0
0
0
0
0
0
0
0
0
0
0
0
0
0
0
0
0
0
0
0
0
0
0
0
0
0
0
0
0
0
0
0
0
0
0
0
0
0
0
0
0
0
0
0
0
0
0
0
0
0
0
0
0
0
0
0
0
0
0
0
0
0
0
0
0
0
0
0
0
0
0
0
0
0
0
0
0
0
0
0
0
0
0
0
0
0
0
0
0
0
0
0
0
0
0
0
0
0
0
0
0
0
0
0
0
0
0
0
0
0
0
0
0
0
0
0
0
0
0
0
0
0
0
0
0
0
0
0
0
0
0
0
0
0
0
0
0
0
0
0
0
0
0
0
0
0
0
0
0
0
0
0
0
0
0
0
0
0
0
0
0
0
0
0
0
0
0
0
0
0
0
0
0
0
0
0
0
0
0
0
0
0
0
0
0
0
0
0
0
0
0
0
0
0
0
0
0
0
0
0
0
0
0
0
0
0
0
0
0
0
0
0
0
0
0
0
0
0
0
0
0
0
0
0
0
0
0
0
0
0
0
0
0
0
0
0
0
0
0
0
0
0
0
0
0
0
0
0
0
0
0
0
0
0
0
0
0
0
0
0
0
0
0
0
0
0
0
0
0
0
0
0
0
0
0
0
0
0
0
0
0
0
0
0
0
0
0
0
0
0
0
0
0
0
0
0
0
0
0
0
0
0
0
0
0
0
0
0
0
0
0
0
0
0
0
0
0
0
0
0
0
0
0
0
0
0
0
0
0
0
0
0
0
0
0
0
0
0
0
0
0
0
0
0
0
0
0
0
0
0
0
0
0
0
0
0
0
0
0
0
