30
30
30
30
30
29
29
29
29
29
29
29
28
28
28
28
27
27
27
27
26
26
26
25
25
24
24
23
23
22
22
21
21
20
20
19
19
18
17
17
16
15
14
14
13
12
11
10
10
9
8
7
6
5
4
3
2
1
0
-1
-2
-3
-4
-6
-7
-8
-9
-10
-12
-13
-14
-16
-17
-18
-20
-21
-23
-24
-26
-27
-29
-30
-32
-34
-35
-37
-39
-41
-42
-44
-46
-48
-50
-52
-53
-55
-57
-59
-62
-64
-66
-68
-70
-72
-74
-77
-79
-81
-84
-86
-88
-91
-93
-96
-98
-101
-103
-106
-109
-111
-114
-117
-120
-123
-125
-128
-131
-134
-137
-140
-143
-146
-150
-153
-156
-159
-162
-166
-169
-173
-176
-179
-183
-187
-190
-194
-197
-201
-205
-209
-213
-216
-220
-224
-228
-232
-236
-240
-245
-249
-253
-257
-262
-266
-270
-275
-279
-284
-288
-293
-298
-302
-307
-312
-317
-322
-326
-331
-336
-341
-347
-352
-357
-362
-367
-373
-378
-383
-389
-394
-400
-406
-411
-417
-423
-428
-434
-440
-446
-452
-458
-464
-470
-476
-482
-489
-495
-501
-508
-514
-520
-527
-534
-540
-547
-553
-560
-567
-574
-581
-588
-595
-602
-609
-616
-623
-630
-637
-645
-652
-659
-667
-674
-682
-689
-697
-705
-712
-720
-728
-736
-744
-751
-759
-767
-775
-783
-792
-800
-808
-816
-825
-833
-841
-850
-858
-867
-875
-884
-892
-901
-910
-918
-927
-936
-945
-954
-962
-971
-980
-989
-998
-1007
-1017
-1026
-1035
-1044
-1053
-1063
-1072
-1081
-1090
-1100
-1109
-1119
-1128
-1138
-1147
-1157
-1166
-1176
-1185
-1195
-1205
-1214
-1224
-1234
-1244
-1253
-1263
-1273
-1283
-1293
-1302
-1312
-1322
-1332
-1342
-1352
-1362
-1372
-1382
-1392
-1402
-1411
-1421
-1431
-1441
-1451
-1461
-1471
-1481
-1491
-1501
-1511
-1521
-1531
-1541
-1551
-1561
-1571
-1581
-1591
-1601
-1611
-1621
-1631
-1640
-1650
-1660
-1670
-1680
-1690
-1699
-1709
-1719
-1728
-1738
-1748
-1757
-1767
-1776
-1786
-1795
-1805
-1814
-1824
-1833
-1842
-1851
-1861
-1870
-1879
-1888
-1897
-1906
-1915
-1924
-1933
-1941
-1950
-1959
-1967
-1976
-1984
-1993
-2001
-2009
-2018
-2026
-2034
-2042
-2050
-2058
-2065
-2073
-2081
-2088
-2096
-2103
-2110
-2118
-2125
-2132
-2139
-2146
-2152
-2159
-2166
-2172
-2178
-2185
-2191
-2197
-2203
-2209
-2214
-2220
-2225
-2231
-2236
-2241
-2246
-2251
-2256
-2260
-2265
-2269
-2273
-2278
-2282
-2285
-2289
-2293
-2296
-2299
-2302
-2305
-2308
-2311
-2313
-2316
-2318
-2320
-2322
-2324
-2325
-2327
-2328
-2329
-2330
-2330
-2331
-2331
-2331
-2331
-2331
-2331
-2330
-2329
-2329
-2327
-2326
-2324
-2323
-2321
-2319
-2316
-2314
-2311
-2308
-2305
-2301
-2298
-2294
-2290
-2286
-2281
-2276
-2272
-2266
-2261
-2255
-2249
-2243
-2237
-2230
-2224
-2216
-2209
-2202
-2194
-2186
-2177
-2169
-2160
-2151
-2141
-2132
-2122
-2112
-2101
-2090
-2079
-2068
-2057
-2045
-2033
-2020
-2008
-1995
-1982
-1968
-1954
-1940
-1926
-1911
-1896
-1881
-1865
-1849
-1833
-1816
-1800
-1782
-1765
-1747
-1729
-1711
-1692
-1673
-1653
-1634
-1614
-1593
-1573
-1552
-1530
-1509
-1487
-1464
-1442
-1419
-1395
-1371
-1347
-1323
-1298
-1273
-1248
-1222
-1196
-1169
-1142
-1115
-1087
-1059
-1031
-1002
-973
-944
-914
-884
-853
-822
-791
-760
-728
-695
-662
-629
-596
-562
-527
-493
-458
-422
-386
-350
-313
-276
-239
-201
-163
-124
-85
-46
-6
34
75
116
157
199
241
284
327
370
414
458
503
548
593
639
685
732
779
826
874
923
971
1020
1070
1120
1170
1221
1272
1324
1376
1428
1481
1534
1588
1642
1697
1752
1807
1863
1919
1975
2032
2090
2148
2206
2265
2324
2383
2443
2503
2564
2625
2687
2749
2811
2874
2937
3001
3065
3129
3194
3259
3325
3391
3458
3525
3592
3660
3728
3796
3865
3934
4004
4074
4145
4216
4287
4359
4431
4503
4576
4649
4723
4797
4872
4947
5022
5097
5173
5250
5327
5404
5481
5559
5637
5716
5795
5874
5954
6034
6115
6196
6277
6359
6440
6523
6605
6688
6772
6856
6940
7024
7109
7194
7279
7365
7451
7538
7624
7711
7799
7887
7975
8063
8152
8241
8330
8420
8510
8600
8691
8782
8873
8964
9056
9148
9240
9333
9426
9519
9613
9706
9800
9895
9989
10084
10179
10275
10370
10466
10562
10659
10755
10852
10949
11046
11144
11242
11340
11438
11536
11635
11734
11833
11932
12031
12131
12231
12331
12431
12532
12632
12733
12834
12935
13036
13138
13239
13341
13443
13545
13647
13750
13852
13955
14057
14160
14263
14366
14470
14573
14676
14780
14884
14987
15091
15195
15299
15403
15507
15612
15716
15820
15925
16029
16134
16238
16343
16447
16552
16657
16761
16866
16971
17076
17180
17285
17390
17495
17600
17704
17809
17914
18018
18123
18228
18332
18437
18541
18646
18750
18854
18959
19063
19167
19271
19375
19479
19582
19686
19790
19893
19996
20100
20203
20306
20409
20511
20614
20716
20819
20921
21023
21124
21226
21328
21429
21530
21631
21732
21832
21933
22033
22133
22232
22332
22431
22530
22629
22728
22826
22924
23022
23120
23217
23314
23411
23508
23604
23700
23796
23891
23986
24081
24176
24270
24364
24457
24551
24644
24736
24829
24921
25012
25104
25195
25285
25375
25465
25555
25644
25732
25821
25909
25996
26084
26170
26257
26343
26428
26513
26598
26683
26766
26850
26933
27015
27098
27179
27260
27341
27422
27501
27581
27660
27738
27816
27894
27971
28047
28123
28199
28274
28348
28422
28495
28568
28641
28713
28784
28855
28925
28995
29064
29133
29201
29269
29336
29402
29468
29533
29598
29662
29726
29789
29851
29913
29974
30035
30095
30155
30213
30272
30329
30386
30443
30499
30554
30608
30662
30716
30768
30820
30872
30923
30973
31022
31071
31119
31167
31214
31260
31306
31351
31395
31438
31481
31524
31565
31606
31646
31686
31725
31763
31800
31837
31873
31909
31943
31977
32011
32043
32075
32106
32137
32167
32196
32224
32252
32279
32305
32331
32356
32380
32403
32426
32448
32469
32490
32510
32529
32547
32565
32582
32598
32613
32628
32642
32655
32668
32679
32690
32701
32710
32719
32727
32735
32741
32747
32752
32757
32761
32763
32766
32767
32768
32768
32767
32766
32763
32761
32757
32752
32747
32741
32735
32727
32719
32710
32701
32690
32679
32668
32655
32642
32628
32613
32598
32582
32565
32547
32529
32510
32490
32469
32448
32426
32403
32380
32356
32331
32305
32279
32252
32224
32196
32167
32137
32106
32075
32043
32011
31977
31943
31909
31873
31837
31800
31763
31725
31686
31646
31606
31565
31524
31481
31438
31395
31351
31306
31260
31214
31167
31119
31071
31022
30973
30923
30872
30820
30768
30716
30662
30608
30554
30499
30443
30386
30329
30272
30213
30155
30095
30035
29974
29913
29851
29789
29726
29662
29598
29533
29468
29402
29336
29269
29201
29133
29064
28995
28925
28855
28784
28713
28641
28568
28495
28422
28348
28274
28199
28123
28047
27971
27894
27816
27738
27660
27581
27501
27422
27341
27260
27179
27098
27015
26933
26850
26766
26683
26598
26513
26428
26343
26257
26170
26084
25996
25909
25821
25732
25644
25555
25465
25375
25285
25195
25104
25012
24921
24829
24736
24644
24551
24457
24364
24270
24176
24081
23986
23891
23796
23700
23604
23508
23411
23314
23217
23120
23022
22924
22826
22728
22629
22530
22431
22332
22232
22133
22033
21933
21832
21732
21631
21530
21429
21328
21226
21124
21023
20921
20819
20716
20614
20511
20409
20306
20203
20100
19996
19893
19790
19686
19582
19479
19375
19271
19167
19063
18959
18854
18750
18646
18541
18437
18332
18228
18123
18018
17914
17809
17704
17600
17495
17390
17285
17180
17076
16971
16866
16761
16657
16552
16447
16343
16238
16134
16029
15925
15820
15716
15612
15507
15403
15299
15195
15091
14987
14884
14780
14676
14573
14470
14366
14263
14160
14057
13955
13852
13750
13647
13545
13443
13341
13239
13138
13036
12935
12834
12733
12632
12532
12431
12331
12231
12131
12031
11932
11833
11734
11635
11536
11438
11340
11242
11144
11046
10949
10852
10755
10659
10562
10466
10370
10275
10179
10084
9989
9895
9800
9706
9613
9519
9426
9333
9240
9148
9056
8964
8873
8782
8691
8600
8510
8420
8330
8241
8152
8063
7975
7887
7799
7711
7624
7538
7451
7365
7279
7194
7109
7024
6940
6856
6772
6688
6605
6523
6440
6359
6277
6196
6115
6034
5954
5874
5795
5716
5637
5559
5481
5404
5327
5250
5173
5097
5022
4947
4872
4797
4723
4649
4576
4503
4431
4359
4287
4216
4145
4074
4004
3934
3865
3796
3728
3660
3592
3525
3458
3391
3325
3259
3194
3129
3065
3001
2937
2874
2811
2749
2687
2625
2564
2503
2443
2383
2324
2265
2206
2148
2090
2032
1975
1919
1863
1807
1752
1697
1642
1588
1534
1481
1428
1376
1324
1272
1221
1170
1120
1070
1020
971
923
874
826
779
732
685
639
593
548
503
458
414
370
327
284
241
199
157
116
75
34
-6
-46
-85
-124
-163
-201
-239
-276
-313
-350
-386
-422
-458
-493
-527
-562
-596
-629
-662
-695
-728
-760
-791
-822
-853
-884
-914
-944
-973
-1002
-1031
-1059
-1087
-1115
-1142
-1169
-1196
-1222
-1248
-1273
-1298
-1323
-1347
-1371
-1395
-1419
-1442
-1464
-1487
-1509
-1530
-1552
-1573
-1593
-1614
-1634
-1653
-1673
-1692
-1711
-1729
-1747
-1765
-1782
-1800
-1816
-1833
-1849
-1865
-1881
-1896
-1911
-1926
-1940
-1954
-1968
-1982
-1995
-2008
-2020
-2033
-2045
-2057
-2068
-2079
-2090
-2101
-2112
-2122
-2132
-2141
-2151
-2160
-2169
-2177
-2186
-2194
-2202
-2209
-2216
-2224
-2230
-2237
-2243
-2249
-2255
-2261
-2266
-2272
-2276
-2281
-2286
-2290
-2294
-2298
-2301
-2305
-2308
-2311
-2314
-2316
-2319
-2321
-2323
-2324
-2326
-2327
-2329
-2329
-2330
-2331
-2331
-2331
-2331
-2331
-2331
-2330
-2330
-2329
-2328
-2327
-2325
-2324
-2322
-2320
-2318
-2316
-2313
-2311
-2308
-2305
-2302
-2299
-2296
-2293
-2289
-2285
-2282
-2278
-2273
-2269
-2265
-2260
-2256
-2251
-2246
-2241
-2236
-2231
-2225
-2220
-2214
-2209
-2203
-2197
-2191
-2185
-2178
-2172
-2166
-2159
-2152
-2146
-2139
-2132
-2125
-2118
-2110
-2103
-2096
-2088
-2081
-2073
-2065
-2058
-2050
-2042
-2034
-2026
-2018
-2009
-2001
-1993
-1984
-1976
-1967
-1959
-1950
-1941
-1933
-1924
-1915
-1906
-1897
-1888
-1879
-1870
-1861
-1851
-1842
-1833
-1824
-1814
-1805
-1795
-1786
-1776
-1767
-1757
-1748
-1738
-1728
-1719
-1709
-1699
-1690
-1680
-1670
-1660
-1650
-1640
-1631
-1621
-1611
-1601
-1591
-1581
-1571
-1561
-1551
-1541
-1531
-1521
-1511
-1501
-1491
-1481
-1471
-1461
-1451
-1441
-1431
-1421
-1411
-1402
-1392
-1382
-1372
-1362
-1352
-1342
-1332
-1322
-1312
-1302
-1293
-1283
-1273
-1263
-1253
-1244
-1234
-1224
-1214
-1205
-1195
-1185
-1176
-1166
-1157
-1147
-1138
-1128
-1119
-1109
-1100
-1090
-1081
-1072
-1063
-1053
-1044
-1035
-1026
-1017
-1007
-998
-989
-980
-971
-962
-954
-945
-936
-927
-918
-910
-901
-892
-884
-875
-867
-858
-850
-841
-833
-825
-816
-808
-800
-792
-783
-775
-767
-759
-751
-744
-736
-728
-720
-712
-705
-697
-689
-682
-674
-667
-659
-652
-645
-637
-630
-623
-616
-609
-602
-595
-588
-581
-574
-567
-560
-553
-547
-540
-534
-527
-520
-514
-508
-501
-495
-489
-482
-476
-470
-464
-458
-452
-446
-440
-434
-428
-423
-417
-411
-406
-400
-394
-389
-383
-378
-373
-367
-362
-357
-352
-347
-341
-336
-331
-326
-322
-317
-312
-307
-302
-298
-293
-288
-284
-279
-275
-270
-266
-262
-257
-253
-249
-245
-240
-236
-232
-228
-224
-220
-216
-213
-209
-205
-201
-197
-194
-190
-187
-183
-179
-176
-173
-169
-166
-162
-159
-156
-153
-150
-146
-143
-140
-137
-134
-131
-128
-125
-123
-120
-117
-114
-111
-109
-106
-103
-101
-98
-96
-93
-91
-88
-86
-84
-81
-79
-77
-74
-72
-70
-68
-66
-64
-62
-59
-57
-55
-53
-52
-50
-48
-46
-44
-42
-41
-39
-37
-35
-34
-32
-30
-29
-27
-26
-24
-23
-21
-20
-18
-17
-16
-14
-13
-12
-10
-9
-8
-7
-6
-4
-3
-2
-1
0
1
2
3
4
5
6
7
8
9
10
10
11
12
13
14
14
15
16
17
17
18
19
19
20
20
21
21
22
22
23
23
24
24
25
25
26
26
26
27
27
27
27
28
28
28
28
29
29
29
29
29
29
29
30
30
30
30
30
