1440
1457
1475
1493
1512
1530
1549
1567
1586
1606
1625
1644
1664
1684
1704
1725
1745
1766
1787
1808
1830
1851
1873
1895
1917
1940
1962
1985
2008
2031
2055
2079
2103
2127
2151
2176
2201
2226
2251
2277
2303
2329
2355
2382
2408
2435
2463
2490
2518
2546
2574
2603
2631
2660
2690
2719
2749
2779
2809
2840
2871
2902
2933
2965
2997
3029
3061
3094
3127
3160
3194
3228
3262
3296
3331
3366
3401
3437
3472
3509
3545
3582
3619
3656
3693
3731
3770
3808
3847
3886
3925
3965
4005
4045
4086
4127
4168
4209
4251
4293
4336
4379
4422
4465
4509
4553
4597
4642
4687
4732
4778
4824
4870
4917
4964
5011
5059
5107
5155
5204
5253
5302
5352
5402
5452
5502
5553
5605
5656
5708
5761
5813
5866
5920
5973
6027
6082
6137
6192
6247
6303
6359
6415
6472
6529
6587
6645
6703
6761
6820
6880
6939
6999
7059
7120
7181
7242
7304
7366
7428
7491
7554
7618
7681
7745
7810
7875
7940
8005
8071
8138
8204
8271
8338
8406
8474
8542
8611
8680
8749
8819
8889
8959
9030
9101
9172
9244
9316
9388
9461
9534
9607
9681
9755
9830
9904
9979
10055
10130
10206
10283
10360
10437
10514
10591
10669
10748
10826
10905
10984
11064
11144
11224
11304
11385
11466
11548
11629
11711
11793
11876
11959
12042
12125
12209
12293
12377
12462
12547
12632
12717
12803
12889
12975
13062
13148
13235
13322
13410
13498
13586
13674
13762
13851
13940
14029
14119
14208
14298
14388
14479
14569
14660
14751
14842
14934
15025
15117
15209
15301
15394
15486
15579
15672
15765
15858
15952
16045
16139
16233
16327
16422
16516
16611
16705
16800
16895
16990
17085
17181
17276
17372
17468
17563
17659
17755
17851
17948
18044
18140
18237
18333
18430
18527
18623
18720
18817
18914
19011
19108
19205
19302
19399
19496
19593
19690
19787
19885
19982
20079
20176
20273
20370
20467
20564
20661
20758
20855
20952
21049
21146
21242
21339
21435
21532
21628
21725
21821
21917
22013
22109
22205
22300
22396
22491
22587
22682
22777
22872
22966
23061
23155
23250
23344
23438
23531
23625
23718
23811
23904
23997
24089
24181
24274
24365
24457
24548
24639
24730
24821
24911
25001
25091
25180
25269
25358
25447
25535
25623
25711
25798
25885
25972
26058
26144
26230
26315
26400
26485
26569
26653
26737
26820
26903
26985
27067
27149
27230
27311
27391
27471
27550
27630
27708
27786
27864
27942
28018
28095
28171
28246
28321
28396
28470
28543
28616
28689
28761
28832
28904
28974
29044
29113
29182
29251
29319
29386
29453
29519
29585
29650
29714
29778
29842
29904
29967
30028
30089
30150
30210
30269
30327
30385
30443
30500
30556
30611
30666
30720
30774
30827
30879
30931
30982
31032
31082
31131
31180
31227
31274
31321
31366
31411
31456
31499
31542
31584
31626
31667
31707
31746
31785
31823
31860
31897
31933
31968
32002
32036
32069
32101
32132
32163
32193
32222
32251
32278
32305
32332
32357
32382
32406
32429
32452
32473
32494
32514
32534
32553
32570
32588
32604
32620
32634
32648
32662
32674
32686
32697
32707
32716
32725
32733
32740
32746
32751
32756
32760
32763
32766
32767
32768
32768
32767
32766
32763
32760
32756
32751
32746
32740
32733
32725
32716
32707
32697
32686
32674
32662
32648
32634
32620
32604
32588
32570
32553
32534
32514
32494
32473
32452
32429
32406
32382
32357
32332
32305
32278
32251
32222
32193
32163
32132
32101
32069
32036
32002
31968
31933
31897
31860
31823
31785
31746
31707
31667
31626
31584
31542
31499
31456
31411
31366
31321
31274
31227
31180
31131
31082
31032
30982
30931
30879
30827
30774
30720
30666
30611
30556
30500
30443
30385
30327
30269
30210
30150
30089
30028
29967
29904
29842
29778
29714
29650
29585
29519
29453
29386
29319
29251
29182
29113
29044
28974
28904
28832
28761
28689
28616
28543
28470
28396
28321
28246
28171
28095
28018
27942
27864
27786
27708
27630
27550
27471
27391
27311
27230
27149
27067
26985
26903
26820
26737
26653
26569
26485
26400
26315
26230
26144
26058
25972
25885
25798
25711
25623
25535
25447
25358
25269
25180
25091
25001
24911
24821
24730
24639
24548
24457
24365
24274
24181
24089
23997
23904
23811
23718
23625
23531
23438
23344
23250
23155
23061
22966
22872
22777
22682
22587
22491
22396
22300
22205
22109
22013
21917
21821
21725
21628
21532
21435
21339
21242
21146
21049
20952
20855
20758
20661
20564
20467
20370
20273
20176
20079
19982
19885
19787
19690
19593
19496
19399
19302
19205
19108
19011
18914
18817
18720
18623
18527
18430
18333
18237
18140
18044
17948
17851
17755
17659
17563
17468
17372
17276
17181
17085
16990
16895
16800
16705
16611
16516
16422
16327
16233
16139
16045
15952
15858
15765
15672
15579
15486
15394
15301
15209
15117
15025
14934
14842
14751
14660
14569
14479
14388
14298
14208
14119
14029
13940
13851
13762
13674
13586
13498
13410
13322
13235
13148
13062
12975
12889
12803
12717
12632
12547
12462
12377
12293
12209
12125
12042
11959
11876
11793
11711
11629
11548
11466
11385
11304
11224
11144
11064
10984
10905
10826
10748
10669
10591
10514
10437
10360
10283
10206
10130
10055
9979
9904
9830
9755
9681
9607
9534
9461
9388
9316
9244
9172
9101
9030
8959
8889
8819
8749
8680
8611
8542
8474
8406
8338
8271
8204
8138
8071
8005
7940
7875
7810
7745
7681
7618
7554
7491
7428
7366
7304
7242
7181
7120
7059
6999
6939
6880
6820
6761
6703
6645
6587
6529
6472
6415
6359
6303
6247
6192
6137
6082
6027
5973
5920
5866
5813
5761
5708
5656
5605
5553
5502
5452
5402
5352
5302
5253
5204
5155
5107
5059
5011
4964
4917
4870
4824
4778
4732
4687
4642
4597
4553
4509
4465
4422
4379
4336
4293
4251
4209
4168
4127
4086
4045
4005
3965
3925
3886
3847
3808
3770
3731
3693
3656
3619
3582
3545
3509
3472
3437
3401
3366
3331
3296
3262
3228
3194
3160
3127
3094
3061
3029
2997
2965
2933
2902
2871
2840
2809
2779
2749
2719
2690
2660
2631
2603
2574
2546
2518
2490
2463
2435
2408
2382
2355
2329
2303
2277
2251
2226
2201
2176
2151
2127
2103
2079
2055
2031
2008
1985
1962
1940
1917
1895
1873
1851
1830
1808
1787
1766
1745
1725
1704
1684
1664
1644
1625
1606
1586
1567
1549
1530
1512
1493
1475
1457
1440
