0
0
0
1
1
2
3
4
5
6
8
9
11
13
15
17
20
22
25
28
31
34
37
41
44
48
52
56
60
65
69
74
79
84
89
94
100
106
111
117
123
130
136
143
149
156
163
170
178
185
193
200
208
216
225
233
241
250
259
268
277
286
296
305
315
325
335
345
356
366
377
388
398
410
421
432
444
455
467
479
491
504
516
529
542
554
568
581
594
608
621
635
649
663
677
692
706
721
736
751
766
781
796
812
828
844
860
876
892
908
925
942
959
976
993
1010
1028
1045
1063
1081
1099
1117
1135
1154
1172
1191
1210
1229
1248
1268
1287
1307
1327
1346
1366
1387
1407
1427
1448
1469
1490
1511
1532
1553
1575
1596
1618
1640
1662
1684
1706
1729
1751
1774
1797
1820
1843
1866
1889
1913
1936
1960
1984
2008
2032
2057
2081
2106
2131
2155
2180
2206
2231
2256
2282
2307
2333
2359
2385
2411
2438
2464
2491
2517
2544
2571
2598
2626
2653
2681
2708
2736
2764
2792
2820
2848
2877
2905
2934
2963
2992
3021
3050
3079
3108
3138
3168
3197
3227
3257
3287
3318
3348
3379
3409
3440
3471
3502
3533
3564
3596
3627
3659
3691
3722
3754
3787
3819
3851
3884
3916
3949
3982
4015
4048
4081
4114
4147
4181
4214
4248
4282
4316
4350
4384
4419
4453
4488
4522
4557
4592
4627
4662
4697
4732
4768
4803
4839
4875
4910
4946
4982
5019
5055
5091
5128
5164
5201
5238
5275
5312
5349
5386
5423
5461
5498
5536
5574
5612
5650
5688
5726
5764
5802
5841
5879
5918
5957
5996
6035
6074
6113
6152
6191
6231
6270
6310
6349
6389
6429
6469
6509
6549
6590
6630
6671
6711
6752
6792
6833
6874
6915
6956
6997
7039
7080
7121
7163
7205
7246
7288
7330
7372
7414
7456
7498
7541
7583
7625
7668
7711
7753
7796
7839
7882
7925
7968
8011
8054
8098
8141
8185
8228
8272
8316
8360
8403
8447
8491
8535
8580
8624
8668
8713
8757
8802
8846
8891
8936
8981
9025
9070
9115
9161
9206
9251
9296
9342
9387
9433
9478
9524
9570
9615
9661
9707
9753
9799
9845
9891
9937
9984
10030
10076
10123
10169
10216
10263
10309
10356
10403
10450
10496
10543
10590
10638
10685
10732
10779
10826
10874
10921
10968
11016
11063
11111
11159
11206
11254
11302
11350
11398
11446
11494
11542
11590
11638
11686
11734
11782
11831
11879
11927
11976
12024
12073
12121
12170
12218
12267
12316
12365
12413
12462
12511
12560
12609
12658
12707
12756
12805
12854
12903
12952
13001
13051
13100
13149
13198
13248
13297
13347
13396
13445
13495
13544
13594
13644
13693
13743
13792
13842
13892
13941
13991
14041
14091
14141
14190
14240
14290
14340
14390
14440
14490
14540
14590
14640
14690
14740
14790
14840
14890
14940
14990
15040
15090
15141
15191
15241
15291
15341
15391
15442
15492
15542
15592
15642
15693
15743
15793
15843
15894
15944
15994
16045
16095
16145
16195
16246
16296
16346
16397
16447
16497
16547
16598
16648
16698
16749
16799
16849
16899
16950
17000
17050
17100
17151
17201
17251
17301
17352
17402
17452
17502
17552
17602
17653
17703
17753
17803
17853
17903
17953
18003
18053
18103
18153
18203
18253
18303
18353
18403
18453
18503
18553
18602
18652
18702
18752
18802
18851
18901
18951
19000
19050
19100
19149
19199
19248
19298
19347
19397
19446
19496
19545
19594
19644
19693
19742
19791
19840
19890
19939
19988
20037
20086
20135
20184
20233
20281
20330
20379
20428
20477
20525
20574
20622
20671
20720
20768
20816
20865
20913
20962
21010
21058
21106
21154
21202
21250
21298
21346
21394
21442
21490
21538
21585
21633
21681
21728
21776
21823
21871
21918
21965
22013
22060
22107
22154
22201
22248
22295
22342
22389
22435
22482
22529
22575
22622
22668
22715
22761
22807
22854
22900
22946
22992
23038
23084
23130
23176
23221
23267
23313
23358
23404
23449
23494
23540
23585
23630
23675
23720
23765
23810
23855
23899
23944
23989
24033
24078
24122
24166
24210
24255
24299
24343
24387
24430
24474
24518
24561
24605
24648
24692
24735
24778
24822
24865
24908
24951
24993
25036
25079
25121
25164
25206
25249
25291
25333
25375
25417
25459
25501
25543
25584
25626
25667
25709
25750
25791
25832
25873
25914
25955
25996
26037
26077
26118
26158
26198
26239
26279
26319
26359
26399
26438
26478
26518
26557
26596
26636
26675
26714
26753
26792
26831
26869
26908
26946
26985
27023
27061
27099
27137
27175
27213
27251
27288
27326
27363
27400
27438
27475
27512
27549
27585
27622
27659
27695
27731
27767
27804
27840
27876
27911
27947
27983
28018
28053
28089
28124
28159
28194
28229
28263
28298
28332
28367
28401
28435
28469
28503
28537
28570
28604
28637
28671
28704
28737
28770
28803
28836
28868
28901
28933
28965
28998
29030
29061
29093
29125
29156
29188
29219
29250
29282
29312
29343
29374
29405
29435
29465
29496
29526
29556
29586
29615
29645
29674
29704
29733
29762
29791
29820
29849
29877
29906
29934
29962
29990
30018
30046
30074
30101
30129
30156
30183
30210
30237
30264
30291
30317
30343
30370
30396
30422
30448
30473
30499
30525
30550
30575
30600
30625
30650
30675
30699
30723
30748
30772
30796
30820
30843
30867
30890
30914
30937
30960
30983
31006
31028
31051
31073
31095
31117
31139
31161
31183
31204
31226
31247
31268
31289
31310
31330
31351
31371
31391
31412
31432
31451
31471
31491
31510
31529
31548
31567
31586
31605
31623
31642
31660
31678
31696
31714
31732
31749
31767
31784
31801
31818
31835
31851
31868
31884
31900
31916
31932
31948
31964
31979
31995
32010
32025
32040
32055
32069
32084
32098
32112
32126
32140
32154
32167
32181
32194
32207
32220
32233
32245
32258
32270
32283
32295
32307
32318
32330
32341
32353
32364
32375
32386
32397
32407
32418
32428
32438
32448
32458
32467
32477
32486
32496
32505
32513
32522
32531
32539
32548
32556
32564
32572
32579
32587
32594
32601
32608
32615
32622
32629
32635
32642
32648
32654
32660
32665
32671
32676
32681
32687
32691
32696
32701
32705
32710
32714
32718
32722
32725
32729
32732
32736
32739
32742
32744
32747
32749
32752
32754
32756
32758
32759
32761
32762
32764
32765
32766
32766
32767
32768
32768
32768
32768
32768
32768
32767
32766
32766
32765
32764
32762
32761
32759
32758
32756
32754
32752
32749
32747
32744
32742
32739
32736
32732
32729
32725
32722
32718
32714
32710
32705
32701
32696
32691
32687
32681
32676
32671
32665
32660
32654
32648
32642
32635
32629
32622
32615
32608
32601
32594
32587
32579
32572
32564
32556
32548
32539
32531
32522
32513
32505
32496
32486
32477
32467
32458
32448
32438
32428
32418
32407
32397
32386
32375
32364
32353
32341
32330
32318
32307
32295
32283
32270
32258
32245
32233
32220
32207
32194
32181
32167
32154
32140
32126
32112
32098
32084
32069
32055
32040
32025
32010
31995
31979
31964
31948
31932
31916
31900
31884
31868
31851
31835
31818
31801
31784
31767
31749
31732
31714
31696
31678
31660
31642
31623
31605
31586
31567
31548
31529
31510
31491
31471
31451
31432
31412
31391
31371
31351
31330
31310
31289
31268
31247
31226
31204
31183
31161
31139
31117
31095
31073
31051
31028
31006
30983
30960
30937
30914
30890
30867
30843
30820
30796
30772
30748
30723
30699
30675
30650
30625
30600
30575
30550
30525
30499
30473
30448
30422
30396
30370
30343
30317
30291
30264
30237
30210
30183
30156
30129
30101
30074
30046
30018
29990
29962
29934
29906
29877
29849
29820
29791
29762
29733
29704
29674
29645
29615
29586
29556
29526
29496
29465
29435
29405
29374
29343
29312
29282
29250
29219
29188
29156
29125
29093
29061
29030
28998
28965
28933
28901
28868
28836
28803
28770
28737
28704
28671
28637
28604
28570
28537
28503
28469
28435
28401
28367
28332
28298
28263
28229
28194
28159
28124
28089
28053
28018
27983
27947
27911
27876
27840
27804
27767
27731
27695
27659
27622
27585
27549
27512
27475
27438
27400
27363
27326
27288
27251
27213
27175
27137
27099
27061
27023
26985
26946
26908
26869
26831
26792
26753
26714
26675
26636
26596
26557
26518
26478
26438
26399
26359
26319
26279
26239
26198
26158
26118
26077
26037
25996
25955
25914
25873
25832
25791
25750
25709
25667
25626
25584
25543
25501
25459
25417
25375
25333
25291
25249
25206
25164
25121
25079
25036
24993
24951
24908
24865
24822
24778
24735
24692
24648
24605
24561
24518
24474
24430
24387
24343
24299
24255
24210
24166
24122
24078
24033
23989
23944
23899
23855
23810
23765
23720
23675
23630
23585
23540
23494
23449
23404
23358
23313
23267
23221
23176
23130
23084
23038
22992
22946
22900
22854
22807
22761
22715
22668
22622
22575
22529
22482
22435
22389
22342
22295
22248
22201
22154
22107
22060
22013
21965
21918
21871
21823
21776
21728
21681
21633
21585
21538
21490
21442
21394
21346
21298
21250
21202
21154
21106
21058
21010
20962
20913
20865
20816
20768
20720
20671
20622
20574
20525
20477
20428
20379
20330
20281
20233
20184
20135
20086
20037
19988
19939
19890
19840
19791
19742
19693
19644
19594
19545
19496
19446
19397
19347
19298
19248
19199
19149
19100
19050
19000
18951
18901
18851
18802
18752
18702
18652
18602
18553
18503
18453
18403
18353
18303
18253
18203
18153
18103
18053
18003
17953
17903
17853
17803
17753
17703
17653
17602
17552
17502
17452
17402
17352
17301
17251
17201
17151
17100
17050
17000
16950
16899
16849
16799
16749
16698
16648
16598
16547
16497
16447
16397
16346
16296
16246
16195
16145
16095
16045
15994
15944
15894
15843
15793
15743
15693
15642
15592
15542
15492
15442
15391
15341
15291
15241
15191
15141
15090
15040
14990
14940
14890
14840
14790
14740
14690
14640
14590
14540
14490
14440
14390
14340
14290
14240
14190
14141
14091
14041
13991
13941
13892
13842
13792
13743
13693
13644
13594
13544
13495
13445
13396
13347
13297
13248
13198
13149
13100
13051
13001
12952
12903
12854
12805
12756
12707
12658
12609
12560
12511
12462
12413
12365
12316
12267
12218
12170
12121
12073
12024
11976
11927
11879
11831
11782
11734
11686
11638
11590
11542
11494
11446
11398
11350
11302
11254
11206
11159
11111
11063
11016
10968
10921
10874
10826
10779
10732
10685
10638
10590
10543
10496
10450
10403
10356
10309
10263
10216
10169
10123
10076
10030
9984
9937
9891
9845
9799
9753
9707
9661
9615
9570
9524
9478
9433
9387
9342
9296
9251
9206
9161
9115
9070
9025
8981
8936
8891
8846
8802
8757
8713
8668
8624
8580
8535
8491
8447
8403
8360
8316
8272
8228
8185
8141
8098
8054
8011
7968
7925
7882
7839
7796
7753
7711
7668
7625
7583
7541
7498
7456
7414
7372
7330
7288
7246
7205
7163
7121
7080
7039
6997
6956
6915
6874
6833
6792
6752
6711
6671
6630
6590
6549
6509
6469
6429
6389
6349
6310
6270
6231
6191
6152
6113
6074
6035
5996
5957
5918
5879
5841
5802
5764
5726
5688
5650
5612
5574
5536
5498
5461
5423
5386
5349
5312
5275
5238
5201
5164
5128
5091
5055
5019
4982
4946
4910
4875
4839
4803
4768
4732
4697
4662
4627
4592
4557
4522
4488
4453
4419
4384
4350
4316
4282
4248
4214
4181
4147
4114
4081
4048
4015
3982
3949
3916
3884
3851
3819
3787
3754
3722
3691
3659
3627
3596
3564
3533
3502
3471
3440
3409
3379
3348
3318
3287
3257
3227
3197
3168
3138
3108
3079
3050
3021
2992
2963
2934
2905
2877
2848
2820
2792
2764
2736
2708
2681
2653
2626
2598
2571
2544
2517
2491
2464
2438
2411
2385
2359
2333
2307
2282
2256
2231
2206
2180
2155
2131
2106
2081
2057
2032
2008
1984
1960
1936
1913
1889
1866
1843
1820
1797
1774
1751
1729
1706
1684
1662
1640
1618
1596
1575
1553
1532
1511
1490
1469
1448
1427
1407
1387
1366
1346
1327
1307
1287
1268
1248
1229
1210
1191
1172
1154
1135
1117
1099
1081
1063
1045
1028
1010
993
976
959
942
925
908
892
876
860
844
828
812
796
781
766
751
736
721
706
692
677
663
649
635
621
608
594
581
568
554
542
529
516
504
491
479
467
455
444
432
421
410
398
388
377
366
356
345
335
325
315
305
296
286
277
268
259
250
241
233
225
216
208
200
193
185
178
170
163
156
149
143
136
130
123
117
111
106
100
94
89
84
79
74
69
65
60
56
52
48
44
41
37
34
31
28
25
22
20
17
15
13
11
9
8
6
5
4
3
2
1
1
0
0
0
