7703
7703
7703
7703
7703
7704
7704
7704
7704
7704
7704
7704
7704
7705
7705
7705
7705
7705
7705
7705
7705
7705
7706
7706
7706
7706
7706
7706
7706
7706
7707
7707
7707
7707
7707
7707
7707
7707
7707
7708
7708
7708
7708
7708
7708
7708
7708
7708
7709
7709
7709
7709
7709
7709
7709
7709
7710
7710
7710
7710
7710
7710
7710
7710
7710
7711
7711
7711
7711
7711
7711
7711
7711
7712
7712
7712
7712
7712
7712
7712
7712
7712
7713
7713
7713
7713
7713
7713
7713
7713
7714
7714
7714
7714
7714
7714
7714
7714
7714
7715
7715
7715
7715
7715
7715
7715
7715
7715
7716
7716
7716
7716
7716
7716
7716
7716
7717
7717
7717
7717
7717
7717
7717
7717
7717
7718
7718
7718
7718
7718
7718
7718
7718
7719
7719
7719
7719
7719
7719
7719
7719
7719
7720
7720
7720
7720
7720
7720
7720
7720
7720
7721
7721
7721
7721
7721
7721
7721
7721
7722
7722
7722
7722
7722
7722
7722
7722
7722
7723
7723
7723
7723
7723
7723
7723
7723
7723
7724
7724
7724
7724
7724
7724
7724
7724
7725
7725
7725
7725
7725
7725
7725
7725
7725
7726
7726
7726
7726
7726
7726
7726
7726
7726
7727
7727
7727
7727
7727
7727
7727
7727
7727
7728
7728
7728
7728
7728
7728
7728
7728
7729
7729
7729
7729
7729
7729
7729
7729
7729
7730
7730
7730
7730
7730
7730
7730
7730
7730
7731
7731
7731
7731
7731
7731
7731
7731
7731
7732
7732
7732
7732
7732
7732
7732
7732
7733
7733
7733
7733
7733
7733
7733
7733
7733
7734
7734
7734
7734
7734
7734
7734
7734
7734
7735
7735
7735
7735
7735
7735
7735
7735
7735
7736
7736
7736
7736
7736
7736
7736
7736
7737
7737
7737
7737
7737
7737
7737
7737
7737
7738
7738
7738
7738
7738
7738
7738
7738
7738
7739
7739
7739
7739
7739
7739
7739
7739
7739
7740
7740
7740
7740
7740
7740
7740
7740
7740
7741
7741
7741
7741
7741
7741
7741
7741
7741
7742
7742
7742
7742
7742
7742
7742
7742
7743
7743
7743
7743
7743
7743
7743
7743
7743
7744
7744
7744
7744
7744
7744
7744
7744
7744
7745
7745
7745
7745
7745
7745
7745
7745
7745
7746
7746
7746
7746
7746
7746
7746
7746
7746
7747
7747
7747
7747
7747
7747
7747
7747
7747
7748
7748
7748
7748
7748
7748
7748
7748
7748
7749
7749
7749
7749
7749
7749
7749
7749
7749
7750
7750
7750
7750
7750
7750
7750
7750
7750
7751
7751
7751
7751
7751
7751
7751
7751
7752
7752
7752
7752
7752
7752
7752
7752
7752
7753
7753
7753
7753
7753
7753
7753
7753
7753
7754
7754
7754
7754
7754
7754
7754
7754
7754
7755
7755
7755
7755
7755
7755
7755
7755
7755
7756
7756
7756
7756
7756
7756
7756
7756
7756
7757
7757
7757
7757
7757
7757
7757
7757
7757
7758
7758
7758
7758
7758
7758
7758
7758
7758
7759
7759
7759
7759
7759
7759
7759
7759
7759
7760
7760
7760
7760
7760
7760
7760
7760
7760
7761
7761
7761
7761
7761
7761
7761
7761
7761
7762
7762
7762
7762
7762
7762
7762
7762
7762
7763
7763
7763
7763
7763
7763
7763
7763
7763
7764
7764
7764
7764
7764
7764
7764
7764
7764
7764
7765
7765
7765
7765
7765
7765
7765
7765
7765
7766
7766
7766
7766
7766
7766
7766
7766
7766
7767
7767
7767
7767
7767
7767
7767
7767
7767
7768
7768
7768
7768
7768
7768
7768
7768
7768
7769
7769
7769
7769
7769
7769
7769
7769
7769
7770
7770
7770
7770
7770
7770
7770
7770
7770
7771
7771
7771
7771
7771
7771
7771
7771
7771
7772
7772
7772
7772
7772
7772
7772
7772
7772
7773
7773
7773
7773
7773
7773
7773
7773
7773
7773
7774
7774
7774
7774
7774
7774
7774
7774
7774
7775
7775
7775
7775
7775
7775
7775
7775
7775
7776
7776
7776
7776
7776
7776
7776
7776
7776
7777
7777
7777
7777
7777
7777
7777
7777
7777
7778
7778
7778
7778
7778
7778
7778
7778
7778
7778
7779
7779
7779
7779
7779
7779
7779
7779
7779
7780
7780
7780
7780
7780
7780
7780
7780
7780
7781
7781
7781
7781
7781
7781
7781
7781
7781
7782
7782
7782
7782
7782
7782
7782
7782
7782
7782
7783
7783
7783
7783
7783
7783
7783
7783
7783
7784
7784
7784
7784
7784
7784
7784
7784
7784
7785
7785
7785
7785
7785
7785
7785
7785
7785
7786
7786
7786
7786
7786
7786
7786
7786
7786
7786
7787
7787
7787
7787
7787
7787
7787
7787
7787
7788
7788
7788
7788
7788
7788
7788
7788
7788
7789
7789
7789
7789
7789
7789
7789
7789
7789
7789
7790
7790
7790
7790
7790
7790
7790
7790
7790
7791
7791
7791
7791
7791
7791
7791
7791
7791
7792
7792
7792
7792
7792
7792
7792
7792
7792
7792
7793
7793
7793
7793
7793
7793
7793
7793
7793
7794
7794
7794
7794
7794
7794
7794
7794
7794
7795
7795
7795
7795
7795
7795
7795
7795
7795
7795
7796
7796
7796
7796
7796
7796
7796
7796
7796
7797
7797
7797
7797
7797
7797
7797
7797
7797
7797
7798
7798
7798
7798
7798
7798
7798
7798
7798
7799
7799
7799
7799
7799
7799
7799
7799
7799
7799
7800
7800
7800
7800
7800
7800
7800
7800
7800
7801
7801
7801
7801
7801
7801
7801
7801
7801
7802
7802
7802
7802
7802
7802
7802
7802
7802
7802
7803
7803
7803
7803
7803
7803
7803
7803
7803
7804
7804
7804
7804
7804
7804
7804
7804
7804
7804
7805
7805
7805
7805
7805
7805
7805
7805
7805
7806
7806
7806
7806
7806
7806
7806
7806
7806
7806
7807
7807
7807
7807
7807
7807
7807
7807
7807
7807
7808
7808
7808
7808
7808
7808
7808
7808
7808
7809
7809
7809
7809
7809
7809
7809
7809
7809
7809
7810
7810
7810
7810
7810
7810
7810
7810
7810
7811
7811
7811
7811
7811
7811
7811
7811
7811
7811
7812
7812
7812
7812
7812
7812
7812
7812
7812
7813
7813
7813
7813
7813
7813
7813
7813
7813
7813
7814
7814
7814
7814
7814
7814
7814
7814
7814
7814
7815
7815
7815
7815
7815
7815
7815
7815
7815
7816
7816
7816
7816
7816
7816
7816
7816
7816
7816
7817
7817
7817
7817
7817
7817
7817
7817
7817
7817
7818
7818
7818
7818
7818
7818
7818
7818
7818
7819
7819
7819
7819
7819
7819
7819
7819
7819
7819
7820
7820
7820
7820
7820
7820
7820
7820
7820
7820
7821
7821
7821
7821
7821
7821
7821
7821
7821
7822
7822
7822
7822
7822
7822
7822
7822
7822
7822
7823
7823
7823
7823
7823
7823
7823
7823
7823
7823
7824
7824
7824
7824
7824
7824
7824
7824
7824
7824
7825
7825
7825
7825
7825
7825
7825
7825
7825
7826
7826
7826
7826
7826
7826
7826
7826
7826
7826
7827
7827
7827
7827
7827
7827
7827
7827
7827
7827
7828
7828
7828
7828
7828
7828
7828
7828
7828
7828
7829
7829
7829
7829
7829
7829
7829
7829
7829
7829
7830
7830
7830
7830
7830
7830
7830
7830
7830
7831
7831
7831
7831
7831
7831
7831
7831
7831
7831
7832
7832
7832
7832
7832
7832
7832
7832
7832
7832
7833
7833
7833
7833
7833
7833
7833
7833
7833
7833
7834
7834
7834
7834
7834
7834
7834
7834
7834
7834
7835
7835
7835
7835
7835
7835
7835
7835
7835
7835
7836
7836
7836
7836
7836
7836
7836
7836
7836
7836
7837
7837
7837
7837
7837
7837
7837
7837
7837
7837
7838
7838
7838
7838
7838
7838
7838
7838
7838
7839
7839
7839
7839
7839
7839
7839
7839
7839
7839
7840
7840
7840
7840
7840
7840
7840
7840
7840
7840
7841
7841
7841
7841
7841
7841
7841
7841
7841
7841
7842
7842
7842
7842
7842
7842
7842
7842
7842
7842
7843
7843
7843
7843
7843
7843
7843
7843
7843
7843
7844
7844
7844
7844
7844
7844
7844
7844
7844
7844
7845
7845
7845
7845
7845
7845
7845
7845
7845
7845
7846
7846
7846
7846
7846
7846
7846
7846
7846
7846
7847
7847
7847
7847
7847
7847
7847
7847
7847
7847
7848
7848
7848
7848
7848
7848
7848
7848
7848
7848
7848
7849
7849
7849
7849
7849
7849
7849
7849
7849
7849
7850
7850
7850
7850
7850
7850
7850
7850
7850
7850
7851
7851
7851
7851
7851
7851
7851
7851
7851
7851
7852
7852
7852
7852
7852
7852
7852
7852
7852
7852
7853
7853
7853
7853
7853
7853
7853
7853
7853
7853
7854
7854
7854
7854
7854
7854
7854
7854
7854
7854
7855
7855
7855
7855
7855
7855
7855
7855
7855
7855
7856
7856
7856
7856
7856
7856
7856
7856
7856
7856
7856
7857
7857
7857
7857
7857
7857
7857
7857
7857
7857
7858
7858
7858
7858
7858
7858
7858
7858
7858
7858
7859
7859
7859
7859
7859
7859
7859
7859
7859
7859
7860
7860
7860
7860
7860
7860
7860
7860
7860
7860
7860
7861
7861
7861
7861
7861
7861
7861
7861
7861
7861
7862
7862
7862
7862
7862
7862
7862
7862
7862
7862
7863
7863
7863
7863
7863
7863
7863
7863
7863
7863
7864
7864
7864
7864
7864
7864
7864
7864
7864
7864
7864
7865
7865
7865
7865
7865
7865
7865
7865
7865
7865
7866
7866
7866
7866
7866
7866
7866
7866
7866
7866
7867
7867
7867
7867
7867
7867
7867
7867
7867
7867
7867
7868
7868
7868
7868
7868
7868
7868
7868
7868
7868
7869
7869
7869
7869
7869
7869
7869
7869
7869
7869
7870
7870
7870
7870
7870
7870
7870
7870
7870
7870
7870
7871
7871
7871
7871
7871
7871
7871
7871
7871
7871
7872
7872
7872
7872
7872
7872
7872
7872
7872
7872
7872
7873
7873
7873
7873
7873
7873
7873
7873
7873
7873
7874
7874
7874
7874
7874
7874
7874
7874
7874
7874
7874
7875
7875
7875
7875
7875
7875
7875
7875
7875
7875
7876
7876
7876
7876
7876
7876
7876
7876
7876
7876
7876
7877
7877
7877
7877
7877
7877
7877
7877
7877
7877
7878
7878
7878
7878
7878
7878
7878
7878
7878
7878
7878
7879
7879
7879
7879
7879
7879
7879
7879
7879
7879
7880
7880
7880
7880
7880
7880
7880
7880
7880
7880
7880
7881
7881
7881
7881
7881
7881
7881
7881
7881
7881
7882
7882
7882
7882
7882
7882
7882
7882
7882
7882
7882
7883
7883
7883
7883
7883
7883
7883
7883
7883
7883
7884
7884
7884
7884
7884
7884
7884
7884
7884
7884
7884
7885
7885
7885
7885
7885
7885
7885
7885
7885
7885
7885
7886
7886
7886
7886
7886
7886
7886
7886
7886
7886
7887
7887
7887
7887
7887
7887
7887
7887
7887
7887
7887
7888
7888
7888
7888
7888
7888
7888
7888
7888
7888
7888
7889
7889
7889
7889
7889
7889
7889
7889
7889
7889
7889
7890
7890
7890
7890
7890
7890
7890
7890
7890
7890
7891
7891
7891
7891
7891
7891
7891
7891
7891
7891
7891
7892
7892
7892
7892
7892
7892
7892
7892
7892
7892
7892
7893
7893
7893
7893
7893
7893
7893
7893
7893
7893
7893
7894
7894
7894
7894
7894
7894
7894
7894
7894
7894
7895
7895
7895
7895
7895
7895
7895
7895
7895
7895
7895
7896
7896
7896
7896
7896
7896
7896
7896
7896
7896
7896
7897
7897
7897
7897
7897
7897
7897
7897
7897
7897
7897
7898
7898
7898
7898
7898
7898
7898
7898
7898
7898
7898
7899
7899
7899
7899
7899
7899
7899
7899
7899
7899
7899
7900
7900
7900
7900
7900
7900
7900
7900
7900
7900
7901
7901
7901
7901
7901
7901
7901
7901
7901
7901
7901
7902
7902
7902
7902
7902
7902
7902
7902
7902
7902
7902
7903
7903
7903
7903
7903
7903
7903
7903
7903
7903
7903
7904
7904
7904
7904
7904
7904
7904
7904
7904
7904
7904
7905
7905
7905
7905
7905
7905
7905
7905
7905
7905
7905
7906
7906
7906
7906
7906
7906
7906
7906
7906
7906
7906
7907
7907
7907
7907
7907
7907
7907
7907
7907
7907
7907
7908
7908
7908
7908
7908
7908
7908
7908
7908
7908
7908
7909
7909
7909
7909
7909
7909
7909
7909
7909
7909
7909
7910
7910
7910
7910
7910
7910
7910
7910
7910
7910
7910
7910
7911
7911
7911
7911
7911
7911
7911
7911
7911
7911
7911
7912
7912
7912
7912
7912
7912
7912
7912
7912
7912
7912
7913
7913
7913
7913
7913
7913
7913
7913
7913
7913
7913
7914
7914
7914
7914
7914
7914
7914
7914
7914
7914
7914
7915
7915
7915
7915
7915
7915
7915
7915
7915
7915
7915
7916
7916
7916
7916
7916
7916
7916
7916
7916
7916
7916
7917
7917
7917
7917
7917
7917
7917
7917
7917
7917
7917
7917
7918
7918
7918
7918
7918
7918
7918
7918
7918
7918
7918
7919
7919
7919
7919
7919
7919
7919
7919
7919
7919
7919
7920
7920
7920
7920
7920
7920
7920
7920
7920
7920
7920
7920
7921
7921
7921
7921
7921
7921
7921
7921
7921
7921
7921
7922
7922
7922
7922
7922
7922
7922
7922
7922
7922
7922
7923
7923
7923
7923
7923
7923
7923
7923
7923
7923
7923
7923
7924
7924
7924
7924
7924
7924
7924
7924
7924
7924
7924
7925
7925
7925
7925
7925
7925
7925
7925
7925
7925
7925
7926
7926
7926
7926
7926
7926
7926
7926
7926
7926
7926
7926
7927
7927
7927
7927
7927
7927
7927
7927
7927
7927
7927
7928
7928
7928
7928
7928
7928
7928
7928
7928
7928
7928
7928
7929
7929
7929
7929
7929
7929
7929
7929
7929
7929
7929
7930
7930
7930
7930
7930
7930
7930
7930
7930
7930
7930
7930
7931
7931
7931
7931
7931
7931
7931
7931
7931
7931
7931
7932
7932
7932
7932
7932
7932
7932
7932
7932
7932
7932
7932
7933
7933
7933
7933
7933
7933
7933
7933
7933
7933
7933
7934
7934
7934
7934
7934
7934
7934
7934
7934
7934
7934
7934
7935
7935
7935
7935
7935
7935
7935
7935
7935
7935
7935
7936
7936
7936
7936
7936
7936
7936
7936
7936
7936
7936
7936
7937
7937
7937
7937
7937
7937
7937
7937
7937
7937
7937
7937
7938
7938
7938
7938
7938
7938
7938
7938
7938
7938
7938
7939
7939
7939
7939
7939
7939
7939
7939
7939
7939
7939
7939
7940
7940
7940
7940
7940
7940
7940
7940
7940
7940
7940
7940
7941
7941
7941
7941
7941
7941
7941
7941
7941
7941
7941
7942
7942
7942
7942
7942
7942
7942
7942
7942
7942
7942
7942
7943
7943
7943
7943
7943
7943
7943
7943
7943
7943
7943
7943
7944
7944
7944
7944
7944
7944
7944
7944
7944
7944
7944
7944
7945
7945
7945
7945
7945
7945
7945
7945
7945
7945
7945
7945
7946
7946
7946
7946
7946
7946
7946
7946
7946
7946
7946
7947
7947
7947
7947
7947
7947
7947
7947
7947
7947
7947
7947
7948
7948
7948
7948
7948
7948
7948
7948
7948
7948
7948
7948
7949
7949
7949
7949
7949
7949
7949
7949
7949
7949
7949
7949
7950
7950
7950
7950
7950
7950
7950
7950
7950
7950
7950
7950
7951
7951
7951
7951
7951
7951
7951
7951
7951
7951
7951
7951
7952
7952
7952
7952
7952
7952
7952
7952
7952
7952
7952
7952
7953
7953
7953
7953
7953
7953
7953
7953
7953
7953
7953
7953
7954
7954
7954
7954
7954
7954
7954
7954
7954
7954
7954
7954
7955
7955
7955
7955
7955
7955
7955
7955
7955
7955
7955
7955
7956
7956
7956
7956
7956
7956
7956
7956
7956
7956
7956
7956
7957
7957
7957
7957
7957
7957
7957
7957
7957
7957
7957
7957
7958
7958
7958
7958
7958
7958
7958
7958
7958
7958
7958
7958
7958
7959
7959
7959
7959
7959
7959
7959
7959
7959
7959
7959
7959
7960
7960
7960
7960
7960
7960
7960
7960
7960
7960
7960
7960
7961
7961
7961
7961
7961
7961
7961
7961
7961
7961
7961
7961
7962
7962
7962
7962
7962
7962
7962
7962
7962
7962
7962
7962
7963
7963
7963
7963
7963
7963
7963
7963
7963
7963
7963
7963
7963
7964
7964
7964
7964
7964
7964
7964
7964
7964
7964
7964
7964
7965
7965
7965
7965
7965
7965
7965
7965
7965
7965
7965
7965
7966
7966
7966
7966
7966
7966
7966
7966
7966
7966
7966
7966
7966
7967
7967
7967
7967
7967
7967
7967
7967
7967
7967
7967
7967
7968
7968
7968
7968
7968
7968
7968
7968
7968
7968
7968
7968
7968
7969
7969
7969
7969
7969
7969
7969
7969
7969
7969
7969
7969
7970
7970
7970
7970
7970
7970
7970
7970
7970
7970
7970
7970
7971
7971
7971
7971
7971
7971
7971
7971
7971
7971
7971
7971
7971
7972
7972
7972
7972
7972
7972
7972
7972
7972
7972
7972
7972
7973
7973
7973
7973
7973
7973
7973
7973
7973
7973
7973
7973
7973
7974
7974
7974
7974
7974
7974
7974
7974
7974
7974
7974
7974
7974
7975
7975
7975
7975
7975
7975
7975
7975
7975
7975
7975
7975
7976
7976
7976
7976
7976
7976
7976
7976
7976
7976
7976
7976
7976
7977
7977
7977
7977
7977
7977
7977
7977
7977
7977
7977
7977
7978
7978
7978
7978
7978
7978
7978
7978
7978
7978
7978
7978
7978
7979
7979
7979
7979
7979
7979
7979
7979
7979
7979
7979
7979
7979
7980
7980
7980
7980
7980
7980
7980
7980
7980
7980
7980
7980
7980
7981
7981
7981
7981
7981
7981
7981
7981
7981
7981
7981
7981
7982
7982
7982
7982
7982
7982
7982
7982
7982
7982
7982
7982
7982
7983
7983
7983
7983
7983
7983
7983
7983
7983
7983
7983
7983
7983
7984
7984
7984
7984
7984
7984
7984
7984
7984
7984
7984
7984
7984
7985
7985
7985
7985
7985
7985
7985
7985
7985
7985
7985
7985
7985
7986
7986
7986
7986
7986
7986
7986
7986
7986
7986
7986
7986
7986
7987
7987
7987
7987
7987
7987
7987
7987
7987
7987
7987
7987
7987
7988
7988
7988
7988
7988
7988
7988
7988
7988
7988
7988
7988
7988
7989
7989
7989
7989
7989
7989
7989
7989
7989
7989
7989
7989
7989
7990
7990
7990
7990
7990
7990
7990
7990
7990
7990
7990
7990
7990
7991
7991
7991
7991
7991
7991
7991
7991
7991
7991
7991
7991
7991
7992
7992
7992
7992
7992
7992
7992
7992
7992
7992
7992
7992
7992
7993
7993
7993
7993
7993
7993
7993
7993
7993
7993
7993
7993
7993
7994
7994
7994
7994
7994
7994
7994
7994
7994
7994
7994
7994
7994
7995
7995
7995
7995
7995
7995
7995
7995
7995
7995
7995
7995
7995
7995
7996
7996
7996
7996
7996
7996
7996
7996
7996
7996
7996
7996
7996
7997
7997
7997
7997
7997
7997
7997
7997
7997
7997
7997
7997
7997
7998
7998
7998
7998
7998
7998
7998
7998
7998
7998
7998
7998
7998
7999
7999
7999
7999
7999
7999
7999
7999
7999
7999
7999
7999
7999
7999
8000
8000
8000
8000
8000
8000
8000
8000
8000
8000
8000
8000
8000
8001
8001
8001
8001
8001
8001
8001
8001
8001
8001
8001
8001
8001
8001
8002
8002
8002
8002
8002
8002
8002
8002
8002
8002
8002
8002
8002
8003
8003
8003
8003
8003
8003
8003
8003
8003
8003
8003
8003
8003
8004
8004
8004
8004
8004
8004
8004
8004
8004
8004
8004
8004
8004
8004
8005
8005
8005
8005
8005
8005
8005
8005
8005
8005
8005
8005
8005
8005
8006
8006
8006
8006
8006
8006
8006
8006
8006
8006
8006
8006
8006
8007
8007
8007
8007
8007
8007
8007
8007
8007
8007
8007
8007
8007
8007
8008
8008
8008
8008
8008
8008
8008
8008
8008
8008
8008
8008
8008
8009
8009
8009
8009
8009
8009
8009
8009
8009
8009
8009
8009
8009
8009
8010
8010
8010
8010
8010
8010
8010
8010
8010
8010
8010
8010
8010
8010
8011
8011
8011
8011
8011
8011
8011
8011
8011
8011
8011
8011
8011
8011
8012
8012
8012
8012
8012
8012
8012
8012
8012
8012
8012
8012
8012
8013
8013
8013
8013
8013
8013
8013
8013
8013
8013
8013
8013
8013
8013
8014
8014
8014
8014
8014
8014
8014
8014
8014
8014
8014
8014
8014
8014
8015
8015
8015
8015
8015
8015
8015
8015
8015
8015
8015
8015
8015
8015
8016
8016
8016
8016
8016
8016
8016
8016
8016
8016
8016
8016
8016
8016
8017
8017
8017
8017
8017
8017
8017
8017
8017
8017
8017
8017
8017
8017
8018
8018
8018
8018
8018
8018
8018
8018
8018
8018
8018
8018
8018
8018
8019
8019
8019
8019
8019
8019
8019
8019
8019
8019
8019
8019
8019
8019
8020
8020
8020
8020
8020
8020
8020
8020
8020
8020
8020
8020
8020
8020
8021
8021
8021
8021
8021
8021
8021
8021
8021
8021
8021
8021
8021
8021
8021
8022
8022
8022
8022
8022
8022
8022
8022
8022
8022
8022
8022
8022
8022
8023
8023
8023
8023
8023
8023
8023
8023
8023
8023
8023
8023
8023
8023
8024
8024
8024
8024
8024
8024
8024
8024
8024
8024
8024
8024
8024
8024
8025
8025
8025
8025
8025
8025
8025
8025
8025
8025
8025
8025
8025
8025
8025
8026
8026
8026
8026
8026
8026
8026
8026
8026
8026
8026
8026
8026
8026
8027
8027
8027
8027
8027
8027
8027
8027
8027
8027
8027
8027
8027
8027
8028
8028
8028
8028
8028
8028
8028
8028
8028
8028
8028
8028
8028
8028
8028
8029
8029
8029
8029
8029
8029
8029
8029
8029
8029
8029
8029
8029
8029
8030
8030
8030
8030
8030
8030
8030
8030
8030
8030
8030
8030
8030
8030
8030
8031
8031
8031
8031
8031
8031
8031
8031
8031
8031
8031
8031
8031
8031
8031
8032
8032
8032
8032
8032
8032
8032
8032
8032
8032
8032
8032
8032
8032
8033
8033
8033
8033
8033
8033
8033
8033
8033
8033
8033
8033
8033
8033
8033
8034
8034
8034
8034
8034
8034
8034
8034
8034
8034
8034
8034
8034
8034
8034
8035
8035
8035
8035
8035
8035
8035
8035
8035
8035
8035
8035
8035
8035
8036
8036
8036
8036
8036
8036
8036
8036
8036
8036
8036
8036
8036
8036
8036
8037
8037
8037
8037
8037
8037
8037
8037
8037
8037
8037
8037
8037
8037
8037
8038
8038
8038
8038
8038
8038
8038
8038
8038
8038
8038
8038
8038
8038
8038
8039
8039
8039
8039
8039
8039
8039
8039
8039
8039
8039
8039
8039
8039
8039
8040
8040
8040
8040
8040
8040
8040
8040
8040
8040
8040
8040
8040
8040
8040
8041
8041
8041
8041
8041
8041
8041
8041
8041
8041
8041
8041
8041
8041
8041
8042
8042
8042
8042
8042
8042
8042
8042
8042
8042
8042
8042
8042
8042
8042
8043
8043
8043
8043
8043
8043
8043
8043
8043
8043
8043
8043
8043
8043
8043
8044
8044
8044
8044
8044
8044
8044
8044
8044
8044
8044
8044
8044
8044
8044
8044
8045
8045
8045
8045
8045
8045
8045
8045
8045
8045
8045
8045
8045
8045
8045
8046
8046
8046
8046
8046
8046
8046
8046
8046
8046
8046
8046
8046
8046
8046
8047
8047
8047
8047
8047
8047
8047
8047
8047
8047
8047
8047
8047
8047
8047
8048
8048
8048
8048
8048
8048
8048
8048
8048
8048
8048
8048
8048
8048
8048
8048
8049
8049
8049
8049
8049
8049
8049
8049
8049
8049
8049
8049
8049
8049
8049
8050
8050
8050
8050
8050
8050
8050
8050
8050
8050
8050
8050
8050
8050
8050
8050
8051
8051
8051
8051
8051
8051
8051
8051
8051
8051
8051
8051
8051
8051
8051
8052
8052
8052
8052
8052
8052
8052
8052
8052
8052
8052
8052
8052
8052
8052
8052
8053
8053
8053
8053
8053
8053
8053
8053
8053
8053
8053
8053
8053
8053
8053
8053
8054
8054
8054
8054
8054
8054
8054
8054
8054
8054
8054
8054
8054
8054
8054
8054
8055
8055
8055
8055
8055
8055
8055
8055
8055
8055
8055
8055
8055
8055
8055
8056
8056
8056
8056
8056
8056
8056
8056
8056
8056
8056
8056
8056
8056
8056
8056
8057
8057
8057
8057
8057
8057
8057
8057
8057
8057
8057
8057
8057
8057
8057
8057
8058
8058
8058
8058
8058
8058
8058
8058
8058
8058
8058
8058
8058
8058
8058
8058
8059
8059
8059
8059
8059
8059
8059
8059
8059
8059
8059
8059
8059
8059
8059
8059
8060
8060
8060
8060
8060
8060
8060
8060
8060
8060
8060
8060
8060
8060
8060
8060
8061
8061
8061
8061
8061
8061
8061
8061
8061
8061
8061
8061
8061
8061
8061
8061
8062
8062
8062
8062
8062
8062
8062
8062
8062
8062
8062
8062
8062
8062
8062
8062
8062
8063
8063
8063
8063
8063
8063
8063
8063
8063
8063
8063
8063
8063
8063
8063
8063
8064
8064
8064
8064
8064
8064
8064
8064
8064
8064
8064
8064
8064
8064
8064
8064
8065
8065
8065
8065
8065
8065
8065
8065
8065
8065
8065
8065
8065
8065
8065
8065
8065
8066
8066
8066
8066
8066
8066
8066
8066
8066
8066
8066
8066
8066
8066
8066
8066
8067
8067
8067
8067
8067
8067
8067
8067
8067
8067
8067
8067
8067
8067
8067
8067
8067
8068
8068
8068
8068
8068
8068
8068
8068
8068
8068
8068
8068
8068
8068
8068
8068
8069
8069
8069
8069
8069
8069
8069
8069
8069
8069
8069
8069
8069
8069
8069
8069
8069
8070
8070
8070
8070
8070
8070
8070
8070
8070
8070
8070
8070
8070
8070
8070
8070
8070
8071
8071
8071
8071
8071
8071
8071
8071
8071
8071
8071
8071
8071
8071
8071
8071
8072
8072
8072
8072
8072
8072
8072
8072
8072
8072
8072
8072
8072
8072
8072
8072
8072
8073
8073
8073
8073
8073
8073
8073
8073
8073
8073
8073
8073
8073
8073
8073
8073
8073
8074
8074
8074
8074
8074
8074
8074
8074
8074
8074
8074
8074
8074
8074
8074
8074
8074
8075
8075
8075
8075
8075
8075
8075
8075
8075
8075
8075
8075
8075
8075
8075
8075
8075
8076
8076
8076
8076
8076
8076
8076
8076
8076
8076
8076
8076
8076
8076
8076
8076
8076
8076
8077
8077
8077
8077
8077
8077
8077
8077
8077
8077
8077
8077
8077
8077
8077
8077
8077
8078
8078
8078
8078
8078
8078
8078
8078
8078
8078
8078
8078
8078
8078
8078
8078
8078
8079
8079
8079
8079
8079
8079
8079
8079
8079
8079
8079
8079
8079
8079
8079
8079
8079
8080
8080
8080
8080
8080
8080
8080
8080
8080
8080
8080
8080
8080
8080
8080
8080
8080
8080
8081
8081
8081
8081
8081
8081
8081
8081
8081
8081
8081
8081
8081
8081
8081
8081
8081
8082
8082
8082
8082
8082
8082
8082
8082
8082
8082
8082
8082
8082
8082
8082
8082
8082
8082
8083
8083
8083
8083
8083
8083
8083
8083
8083
8083
8083
8083
8083
8083
8083
8083
8083
8083
8084
8084
8084
8084
8084
8084
8084
8084
8084
8084
8084
8084
8084
8084
8084
8084
8084
8084
8085
8085
8085
8085
8085
8085
8085
8085
8085
8085
8085
8085
8085
8085
8085
8085
8085
8086
8086
8086
8086
8086
8086
8086
8086
8086
8086
8086
8086
8086
8086
8086
8086
8086
8086
8087
8087
8087
8087
8087
8087
8087
8087
8087
8087
8087
8087
8087
8087
8087
8087
8087
8087
8088
8088
8088
8088
8088
8088
8088
8088
8088
8088
8088
8088
8088
8088
8088
8088
8088
8088
8089
8089
8089
8089
8089
8089
8089
8089
8089
8089
8089
8089
8089
8089
8089
8089
8089
8089
8089
8090
8090
8090
8090
8090
8090
8090
8090
8090
8090
8090
8090
8090
8090
8090
8090
8090
8090
8091
8091
8091
8091
8091
8091
8091
8091
8091
8091
8091
8091
8091
8091
8091
8091
8091
8091
8092
8092
8092
8092
8092
8092
8092
8092
8092
8092
8092
8092
8092
8092
8092
8092
8092
8092
8092
8093
8093
8093
8093
8093
8093
8093
8093
8093
8093
8093
8093
8093
8093
8093
8093
8093
8093
8094
8094
8094
8094
8094
8094
8094
8094
8094
8094
8094
8094
8094
8094
8094
8094
8094
8094
8094
8095
8095
8095
8095
8095
8095
8095
8095
8095
8095
8095
8095
8095
8095
8095
8095
8095
8095
8095
8096
8096
8096
8096
8096
8096
8096
8096
8096
8096
8096
8096
8096
8096
8096
8096
8096
8096
8096
8097
8097
8097
8097
8097
8097
8097
8097
8097
8097
8097
8097
8097
8097
8097
8097
8097
8097
8097
8098
8098
8098
8098
8098
8098
8098
8098
8098
8098
8098
8098
8098
8098
8098
8098
8098
8098
8098
8099
8099
8099
8099
8099
8099
8099
8099
8099
8099
8099
8099
8099
8099
8099
8099
8099
8099
8099
8100
8100
8100
8100
8100
8100
8100
8100
8100
8100
8100
8100
8100
8100
8100
8100
8100
8100
8100
8101
8101
8101
8101
8101
8101
8101
8101
8101
8101
8101
8101
8101
8101
8101
8101
8101
8101
8101
8102
8102
8102
8102
8102
8102
8102
8102
8102
8102
8102
8102
8102
8102
8102
8102
8102
8102
8102
8102
8103
8103
8103
8103
8103
8103
8103
8103
8103
8103
8103
8103
8103
8103
8103
8103
8103
8103
8103
8104
8104
8104
8104
8104
8104
8104
8104
8104
8104
8104
8104
8104
8104
8104
8104
8104
8104
8104
8104
8105
8105
8105
8105
8105
8105
8105
8105
8105
8105
8105
8105
8105
8105
8105
8105
8105
8105
8105
8105
8106
8106
8106
8106
8106
8106
8106
8106
8106
8106
8106
8106
8106
8106
8106
8106
8106
8106
8106
8106
8107
8107
8107
8107
8107
8107
8107
8107
8107
8107
8107
8107
8107
8107
8107
8107
8107
8107
8107
8107
8108
8108
8108
8108
8108
8108
8108
8108
8108
8108
8108
8108
8108
8108
8108
8108
8108
8108
8108
8108
8109
8109
8109
8109
8109
8109
8109
8109
8109
8109
8109
8109
8109
8109
8109
8109
8109
8109
8109
8109
8110
8110
8110
8110
8110
8110
8110
8110
8110
8110
8110
8110
8110
8110
8110
8110
8110
8110
8110
8110
8111
8111
8111
8111
8111
8111
8111
8111
8111
8111
8111
8111
8111
8111
8111
8111
8111
8111
8111
8111
8111
8112
8112
8112
8112
8112
8112
8112
8112
8112
8112
8112
8112
8112
8112
8112
8112
8112
8112
8112
8112
8112
8113
8113
8113
8113
8113
8113
8113
8113
8113
8113
8113
8113
8113
8113
8113
8113
8113
8113
8113
8113
8114
8114
8114
8114
8114
8114
8114
8114
8114
8114
8114
8114
8114
8114
8114
8114
8114
8114
8114
8114
8114
8115
8115
8115
8115
8115
8115
8115
8115
8115
8115
8115
8115
8115
8115
8115
8115
8115
8115
8115
8115
8115
8116
8116
8116
8116
8116
8116
8116
8116
8116
8116
8116
8116
8116
8116
8116
8116
8116
8116
8116
8116
8116
8117
8117
8117
8117
8117
8117
8117
8117
8117
8117
8117
8117
8117
8117
8117
8117
8117
8117
8117
8117
8117
8117
8118
8118
8118
8118
8118
8118
8118
8118
8118
8118
8118
8118
8118
8118
8118
8118
8118
8118
8118
8118
8118
8119
8119
8119
8119
8119
8119
8119
8119
8119
8119
8119
8119
8119
8119
8119
8119
8119
8119
8119
8119
8119
8119
8120
8120
8120
8120
8120
8120
8120
8120
8120
8120
8120
8120
8120
8120
8120
8120
8120
8120
8120
8120
8120
8121
8121
8121
8121
8121
8121
8121
8121
8121
8121
8121
8121
8121
8121
8121
8121
8121
8121
8121
8121
8121
8121
8122
8122
8122
8122
8122
8122
8122
8122
8122
8122
8122
8122
8122
8122
8122
8122
8122
8122
8122
8122
8122
8122
8123
8123
8123
8123
8123
8123
8123
8123
8123
8123
8123
8123
8123
8123
8123
8123
8123
8123
8123
8123
8123
8123
8123
8124
8124
8124
8124
8124
8124
8124
8124
8124
8124
8124
8124
8124
8124
8124
8124
8124
8124
8124
8124
8124
8124
8125
8125
8125
8125
8125
8125
8125
8125
8125
8125
8125
8125
8125
8125
8125
8125
8125
8125
8125
8125
8125
8125
8126
8126
8126
8126
8126
8126
8126
8126
8126
8126
8126
8126
8126
8126
8126
8126
8126
8126
8126
8126
8126
8126
8126
8127
8127
8127
8127
8127
8127
8127
8127
8127
8127
8127
8127
8127
8127
8127
8127
8127
8127
8127
8127
8127
8127
8127
8128
8128
8128
8128
8128
8128
8128
8128
8128
8128
8128
8128
8128
8128
8128
8128
8128
8128
8128
8128
8128
8128
8128
8129
8129
8129
8129
8129
8129
8129
8129
8129
8129
8129
8129
8129
8129
8129
8129
8129
8129
8129
8129
8129
8129
8129
8130
8130
8130
8130
8130
8130
8130
8130
8130
8130
8130
8130
8130
8130
8130
8130
8130
8130
8130
8130
8130
8130
8130
8130
8131
8131
8131
8131
8131
8131
8131
8131
8131
8131
8131
8131
8131
8131
8131
8131
8131
8131
8131
8131
8131
8131
8131
8132
8132
8132
8132
8132
8132
8132
8132
8132
8132
8132
8132
8132
8132
8132
8132
8132
8132
8132
8132
8132
8132
8132
8132
8133
8133
8133
8133
8133
8133
8133
8133
8133
8133
8133
8133
8133
8133
8133
8133
8133
8133
8133
8133
8133
8133
8133
8133
8134
8134
8134
8134
8134
8134
8134
8134
8134
8134
8134
8134
8134
8134
8134
8134
8134
8134
8134
8134
8134
8134
8134
8134
8135
8135
8135
8135
8135
8135
8135
8135
8135
8135
8135
8135
8135
8135
8135
8135
8135
8135
8135
8135
8135
8135
8135
8135
8135
8136
8136
8136
8136
8136
8136
8136
8136
8136
8136
8136
8136
8136
8136
8136
8136
8136
8136
8136
8136
8136
8136
8136
8136
8137
8137
8137
8137
8137
8137
8137
8137
8137
8137
8137
8137
8137
8137
8137
8137
8137
8137
8137
8137
8137
8137
8137
8137
8137
8138
8138
8138
8138
8138
8138
8138
8138
8138
8138
8138
8138
8138
8138
8138
8138
8138
8138
8138
8138
8138
8138
8138
8138
8138
8139
8139
8139
8139
8139
8139
8139
8139
8139
8139
8139
8139
8139
8139
8139
8139
8139
8139
8139
8139
8139
8139
8139
8139
8139
8139
8140
8140
8140
8140
8140
8140
8140
8140
8140
8140
8140
8140
8140
8140
8140
8140
8140
8140
8140
8140
8140
8140
8140
8140
8140
8141
8141
8141
8141
8141
8141
8141
8141
8141
8141
8141
8141
8141
8141
8141
8141
8141
8141
8141
8141
8141
8141
8141
8141
8141
8141
8142
8142
8142
8142
8142
8142
8142
8142
8142
8142
8142
8142
8142
8142
8142
8142
8142
8142
8142
8142
8142
8142
8142
8142
8142
8142
8143
8143
8143
8143
8143
8143
8143
8143
8143
8143
8143
8143
8143
8143
8143
8143
8143
8143
8143
8143
8143
8143
8143
8143
8143
8143
8144
8144
8144
8144
8144
8144
8144
8144
8144
8144
8144
8144
8144
8144
8144
8144
8144
8144
8144
8144
8144
8144
8144
8144
8144
8144
8144
8145
8145
8145
8145
8145
8145
8145
8145
8145
8145
8145
8145
8145
8145
8145
8145
8145
8145
8145
8145
8145
8145
8145
8145
8145
8145
8145
8146
8146
8146
8146
8146
8146
8146
8146
8146
8146
8146
8146
8146
8146
8146
8146
8146
8146
8146
8146
8146
8146
8146
8146
8146
8146
8146
8147
8147
8147
8147
8147
8147
8147
8147
8147
8147
8147
8147
8147
8147
8147
8147
8147
8147
8147
8147
8147
8147
8147
8147
8147
8147
8147
8148
8148
8148
8148
8148
8148
8148
8148
8148
8148
8148
8148
8148
8148
8148
8148
8148
8148
8148
8148
8148
8148
8148
8148
8148
8148
8148
8148
8149
8149
8149
8149
8149
8149
8149
8149
8149
8149
8149
8149
8149
8149
8149
8149
8149
8149
8149
8149
8149
8149
8149
8149
8149
8149
8149
8149
8150
8150
8150
8150
8150
8150
8150
8150
8150
8150
8150
8150
8150
8150
8150
8150
8150
8150
8150
8150
8150
8150
8150
8150
8150
8150
8150
8150
8150
8151
8151
8151
8151
8151
8151
8151
8151
8151
8151
8151
8151
8151
8151
8151
8151
8151
8151
8151
8151
8151
8151
8151
8151
8151
8151
8151
8151
8152
8152
8152
8152
8152
8152
8152
8152
8152
8152
8152
8152
8152
8152
8152
8152
8152
8152
8152
8152
8152
8152
8152
8152
8152
8152
8152
8152
8152
8153
8153
8153
8153
8153
8153
8153
8153
8153
8153
8153
8153
8153
8153
8153
8153
8153
8153
8153
8153
8153
8153
8153
8153
8153
8153
8153
8153
8153
8153
8154
8154
8154
8154
8154
8154
8154
8154
8154
8154
8154
8154
8154
8154
8154
8154
8154
8154
8154
8154
8154
8154
8154
8154
8154
8154
8154
8154
8154
8154
8155
8155
8155
8155
8155
8155
8155
8155
8155
8155
8155
8155
8155
8155
8155
8155
8155
8155
8155
8155
8155
8155
8155
8155
8155
8155
8155
8155
8155
8155
8156
8156
8156
8156
8156
8156
8156
8156
8156
8156
8156
8156
8156
8156
8156
8156
8156
8156
8156
8156
8156
8156
8156
8156
8156
8156
8156
8156
8156
8156
8156
8157
8157
8157
8157
8157
8157
8157
8157
8157
8157
8157
8157
8157
8157
8157
8157
8157
8157
8157
8157
8157
8157
8157
8157
8157
8157
8157
8157
8157
8157
8157
8158
8158
8158
8158
8158
8158
8158
8158
8158
8158
8158
8158
8158
8158
8158
8158
8158
8158
8158
8158
8158
8158
8158
8158
8158
8158
8158
8158
8158
8158
8158
8159
8159
8159
8159
8159
8159
8159
8159
8159
8159
8159
8159
8159
8159
8159
8159
8159
8159
8159
8159
8159
8159
8159
8159
8159
8159
8159
8159
8159
8159
8159
8159
8160
8160
8160
8160
8160
8160
8160
8160
8160
8160
8160
8160
8160
8160
8160
8160
8160
8160
8160
8160
8160
8160
8160
8160
8160
8160
8160
8160
8160
8160
8160
8160
8160
8161
8161
8161
8161
8161
8161
8161
8161
8161
8161
8161
8161
8161
8161
8161
8161
8161
8161
8161
8161
8161
8161
8161
8161
8161
8161
8161
8161
8161
8161
8161
8161
8161
8162
8162
8162
8162
8162
8162
8162
8162
8162
8162
8162
8162
8162
8162
8162
8162
8162
8162
8162
8162
8162
8162
8162
8162
8162
8162
8162
8162
8162
8162
8162
8162
8162
8162
8163
8163
8163
8163
8163
8163
8163
8163
8163
8163
8163
8163
8163
8163
8163
8163
8163
8163
8163
8163
8163
8163
8163
8163
8163
8163
8163
8163
8163
8163
8163
8163
8163
8163
8164
8164
8164
8164
8164
8164
8164
8164
8164
8164
8164
8164
8164
8164
8164
8164
8164
8164
8164
8164
8164
8164
8164
8164
8164
8164
8164
8164
8164
8164
8164
8164
8164
8164
8164
8165
8165
8165
8165
8165
8165
8165
8165
8165
8165
8165
8165
8165
8165
8165
8165
8165
8165
8165
8165
8165
8165
8165
8165
8165
8165
8165
8165
8165
8165
8165
8165
8165
8165
8165
8166
8166
8166
8166
8166
8166
8166
8166
8166
8166
8166
8166
8166
8166
8166
8166
8166
8166
8166
8166
8166
8166
8166
8166
8166
8166
8166
8166
8166
8166
8166
8166
8166
8166
8166
8166
8167
8167
8167
8167
8167
8167
8167
8167
8167
8167
8167
8167
8167
8167
8167
8167
8167
8167
8167
8167
8167
8167
8167
8167
8167
8167
8167
8167
8167
8167
8167
8167
8167
8167
8167
8167
8167
8168
8168
8168
8168
8168
8168
8168
8168
8168
8168
8168
8168
8168
8168
8168
8168
8168
8168
8168
8168
8168
8168
8168
8168
8168
8168
8168
8168
8168
8168
8168
8168
8168
8168
8168
8168
8168
8169
8169
8169
8169
8169
8169
8169
8169
8169
8169
8169
8169
8169
8169
8169
8169
8169
8169
8169
8169
8169
8169
8169
8169
8169
8169
8169
8169
8169
8169
8169
8169
8169
8169
8169
8169
8169
8169
8169
8170
8170
8170
8170
8170
8170
8170
8170
8170
8170
8170
8170
8170
8170
8170
8170
8170
8170
8170
8170
8170
8170
8170
8170
8170
8170
8170
8170
8170
8170
8170
8170
8170
8170
8170
8170
8170
8170
8170
8171
8171
8171
8171
8171
8171
8171
8171
8171
8171
8171
8171
8171
8171
8171
8171
8171
8171
8171
8171
8171
8171
8171
8171
8171
8171
8171
8171
8171
8171
8171
8171
8171
8171
8171
8171
8171
8171
8171
8171
8172
8172
8172
8172
8172
8172
8172
8172
8172
8172
8172
8172
8172
8172
8172
8172
8172
8172
8172
8172
8172
8172
8172
8172
8172
8172
8172
8172
8172
8172
8172
8172
8172
8172
8172
8172
8172
8172
8172
8172
8172
8173
8173
8173
8173
8173
8173
8173
8173
8173
8173
8173
8173
8173
8173
8173
8173
8173
8173
8173
8173
8173
8173
8173
8173
8173
8173
8173
8173
8173
8173
8173
8173
8173
8173
8173
8173
8173
8173
8173
8173
8173
8173
8173
8174
8174
8174
8174
8174
8174
8174
8174
8174
8174
8174
8174
8174
8174
8174
8174
8174
8174
8174
8174
8174
8174
8174
8174
8174
8174
8174
8174
8174
8174
8174
8174
8174
8174
8174
8174
8174
8174
8174
8174
8174
8174
8174
8175
8175
8175
8175
8175
8175
8175
8175
8175
8175
8175
8175
8175
8175
8175
8175
8175
8175
8175
8175
8175
8175
8175
8175
8175
8175
8175
8175
8175
8175
8175
8175
8175
8175
8175
8175
8175
8175
8175
8175
8175
8175
8175
8175
8175
8176
8176
8176
8176
8176
8176
8176
8176
8176
8176
8176
8176
8176
8176
8176
8176
8176
8176
8176
8176
8176
8176
8176
8176
8176
8176
8176
8176
8176
8176
8176
8176
8176
8176
8176
8176
8176
8176
8176
8176
8176
8176
8176
8176
8176
8176
8177
8177
8177
8177
8177
8177
8177
8177
8177
8177
8177
8177
8177
8177
8177
8177
8177
8177
8177
8177
8177
8177
8177
8177
8177
8177
8177
8177
8177
8177
8177
8177
8177
8177
8177
8177
8177
8177
8177
8177
8177
8177
8177
8177
8177
8177
8177
8178
8178
8178
8178
8178
8178
8178
8178
8178
8178
8178
8178
8178
8178
8178
8178
8178
8178
8178
8178
8178
8178
8178
8178
8178
8178
8178
8178
8178
8178
8178
8178
8178
8178
8178
8178
8178
8178
8178
8178
8178
8178
8178
8178
8178
8178
8178
8178
8178
8179
8179
8179
8179
8179
8179
8179
8179
8179
8179
8179
8179
8179
8179
8179
8179
8179
8179
8179
8179
8179
8179
8179
8179
8179
8179
8179
8179
8179
8179
8179
8179
8179
8179
8179
8179
8179
8179
8179
8179
8179
8179
8179
8179
8179
8179
8179
8179
8179
8179
8179
8180
8180
8180
8180
8180
8180
8180
8180
8180
8180
8180
8180
8180
8180
8180
8180
8180
8180
8180
8180
8180
8180
8180
8180
8180
8180
8180
8180
8180
8180
8180
8180
8180
8180
8180
8180
8180
8180
8180
8180
8180
8180
8180
8180
8180
8180
8180
8180
8180
8180
8180
8180
8180
8181
8181
8181
8181
8181
8181
8181
8181
8181
8181
8181
8181
8181
8181
8181
8181
8181
8181
8181
8181
8181
8181
8181
8181
8181
8181
8181
8181
8181
8181
8181
8181
8181
8181
8181
8181
8181
8181
8181
8181
8181
8181
8181
8181
8181
8181
8181
8181
8181
8181
8181
8181
8181
8181
8181
8181
8182
8182
8182
8182
8182
8182
8182
8182
8182
8182
8182
8182
8182
8182
8182
8182
8182
8182
8182
8182
8182
8182
8182
8182
8182
8182
8182
8182
8182
8182
8182
8182
8182
8182
8182
8182
8182
8182
8182
8182
8182
8182
8182
8182
8182
8182
8182
8182
8182
8182
8182
8182
8182
8182
8182
8182
8182
8182
8183
8183
8183
8183
8183
8183
8183
8183
8183
8183
8183
8183
8183
8183
8183
8183
8183
8183
8183
8183
8183
8183
8183
8183
8183
8183
8183
8183
8183
8183
8183
8183
8183
8183
8183
8183
8183
8183
8183
8183
8183
8183
8183
8183
8183
8183
8183
8183
8183
8183
8183
8183
8183
8183
8183
8183
8183
8183
8183
8183
8183
8184
8184
8184
8184
8184
8184
8184
8184
8184
8184
8184
8184
8184
8184
8184
8184
8184
8184
8184
8184
8184
8184
8184
8184
8184
8184
8184
8184
8184
8184
8184
8184
8184
8184
8184
8184
8184
8184
8184
8184
8184
8184
8184
8184
8184
8184
8184
8184
8184
8184
8184
8184
8184
8184
8184
8184
8184
8184
8184
8184
8184
8184
8184
8184
8184
8185
8185
8185
8185
8185
8185
8185
8185
8185
8185
8185
8185
8185
8185
8185
8185
8185
8185
8185
8185
8185
8185
8185
8185
8185
8185
8185
8185
8185
8185
8185
8185
8185
8185
8185
8185
8185
8185
8185
8185
8185
8185
8185
8185
8185
8185
8185
8185
8185
8185
8185
8185
8185
8185
8185
8185
8185
8185
8185
8185
8185
8185
8185
8185
8185
8185
8185
8185
8185
8185
8186
8186
8186
8186
8186
8186
8186
8186
8186
8186
8186
8186
8186
8186
8186
8186
8186
8186
8186
8186
8186
8186
8186
8186
8186
8186
8186
8186
8186
8186
8186
8186
8186
8186
8186
8186
8186
8186
8186
8186
8186
8186
8186
8186
8186
8186
8186
8186
8186
8186
8186
8186
8186
8186
8186
8186
8186
8186
8186
8186
8186
8186
8186
8186
8186
8186
8186
8186
8186
8186
8186
8186
8186
8186
8186
8187
8187
8187
8187
8187
8187
8187
8187
8187
8187
8187
8187
8187
8187
8187
8187
8187
8187
8187
8187
8187
8187
8187
8187
8187
8187
8187
8187
8187
8187
8187
8187
8187
8187
8187
8187
8187
8187
8187
8187
8187
8187
8187
8187
8187
8187
8187
8187
8187
8187
8187
8187
8187
8187
8187
8187
8187
8187
8187
8187
8187
8187
8187
8187
8187
8187
8187
8187
8187
8187
8187
8187
8187
8187
8187
8187
8187
8187
8187
8187
8187
8187
8188
8188
8188
8188
8188
8188
8188
8188
8188
8188
8188
8188
8188
8188
8188
8188
8188
8188
8188
8188
8188
8188
8188
8188
8188
8188
8188
8188
8188
8188
8188
8188
8188
8188
8188
8188
8188
8188
8188
8188
8188
8188
8188
8188
8188
8188
8188
8188
8188
8188
8188
8188
8188
8188
8188
8188
8188
8188
8188
8188
8188
8188
8188
8188
8188
8188
8188
8188
8188
8188
8188
8188
8188
8188
8188
8188
8188
8188
8188
8188
8188
8188
8188
8188
8188
8188
8188
8188
8188
8188
8188
8188
8189
8189
8189
8189
8189
8189
8189
8189
8189
8189
8189
8189
8189
8189
8189
8189
8189
8189
8189
8189
8189
8189
8189
8189
8189
8189
8189
8189
8189
8189
8189
8189
8189
8189
8189
8189
8189
8189
8189
8189
8189
8189
8189
8189
8189
8189
8189
8189
8189
8189
8189
8189
8189
8189
8189
8189
8189
8189
8189
8189
8189
8189
8189
8189
8189
8189
8189
8189
8189
8189
8189
8189
8189
8189
8189
8189
8189
8189
8189
8189
8189
8189
8189
8189
8189
8189
8189
8189
8189
8189
8189
8189
8189
8189
8189
8189
8189
8189
8189
8189
8189
8189
8189
8189
8189
8189
8189
8190
8190
8190
8190
8190
8190
8190
8190
8190
8190
8190
8190
8190
8190
8190
8190
8190
8190
8190
8190
8190
8190
8190
8190
8190
8190
8190
8190
8190
8190
8190
8190
8190
8190
8190
8190
8190
8190
8190
8190
8190
8190
8190
8190
8190
8190
8190
8190
8190
8190
8190
8190
8190
8190
8190
8190
8190
8190
8190
8190
8190
8190
8190
8190
8190
8190
8190
8190
8190
8190
8190
8190
8190
8190
8190
8190
8190
8190
8190
8190
8190
8190
8190
8190
8190
8190
8190
8190
8190
8190
8190
8190
8190
8190
8190
8190
8190
8190
8190
8190
8190
8190
8190
8190
8190
8190
8190
8190
8190
8190
8190
8190
8190
8190
8190
8190
8190
8190
8190
8190
8190
8190
8190
8190
8190
8190
8190
8190
8190
8190
8190
8191
8191
8191
8191
8191
8191
8191
8191
8191
8191
8191
8191
8191
8191
8191
8191
8191
8191
8191
8191
8191
8191
8191
8191
8191
8191
8191
8191
8191
8191
8191
8191
8191
8191
8191
8191
8191
8191
8191
8191
8191
8191
8191
8191
8191
8191
8191
8191
8191
8191
8191
8191
8191
8191
8191
8191
8191
8191
8191
8191
8191
8191
8191
8191
8191
8191
8191
8191
8191
8191
8191
8191
8191
8191
8191
8191
8191
8191
8191
8191
8191
8191
8191
8191
8191
8191
8191
8191
8191
8191
8191
8191
8191
8191
8191
8191
8191
8191
8191
8191
8191
8191
8191
8191
8191
8191
8191
8191
8191
8191
8191
8191
8191
8191
8191
8191
8191
8191
8191
8191
8191
8191
8191
8191
8191
8191
8191
8191
8191
8191
8191
8191
8191
8191
8191
8191
8191
8191
8191
8191
8191
8191
8191
8191
8191
8191
8191
8191
8191
8191
8191
8191
8191
8191
8191
8191
8191
8191
8191
8191
8191
8191
8191
8191
8191
8191
8191
8191
8191
8191
8191
8191
8191
8191
8191
8191
8191
8191
8191
8191
8191
8191
8191
8191
8191
8191
8191
8191
8191
8191
8192
8192
8192
8192
8192
8192
8192
8192
8192
8192
8192
8192
8192
8192
8192
8192
8192
8192
8192
8192
8192
8192
8192
8192
8192
8192
8192
8192
8192
8192
8192
8192
8192
8192
8192
8192
8192
8192
8192
8192
8192
8192
8192
8192
8192
8192
8192
8192
8192
8192
8192
8192
8192
8192
8192
8192
8192
8192
8192
8192
8192
8192
8192
8192
8192
8192
8192
8192
8192
8192
8192
8192
8192
8192
8192
8192
8192
8192
8192
8192
8192
8192
8192
8192
8192
8192
8192
8192
8192
8192
8192
8192
8192
8192
8192
8192
8192
8192
8192
8192
8192
8192
8192
8192
8192
8192
8192
8192
8192
8192
8192
8192
8192
8192
8192
8192
8192
8192
8192
8192
8192
8192
8192
8192
8192
8192
8192
8192
8192
8192
8192
8192
8192
8192
8192
8192
8192
8192
8192
8192
8192
8192
8192
8192
8192
8192
8192
8192
8192
8192
8192
8192
8192
8192
8192
8192
8192
8192
8192
8192
8192
8192
8192
8192
8192
8192
8192
8192
8192
8192
8192
8192
8192
8192
8192
8192
8192
8192
8192
8192
8192
8192
8192
8192
8192
8192
8192
8192
8192
8192
8192
8192
8192
8192
8192
8192
8192
8192
8192
8192
8192
8192
8192
8192
8192
8192
8192
8192
8192
8192
8192
8192
8192
8192
8192
8192
8192
8192
8192
8192
8192
8192
8192
8192
8192
8192
8192
8192
8192
8192
8192
8192
8192
8192
8192
8192
8192
8192
8192
8192
8192
8192
8192
8192
8192
8192
8192
8192
8192
8192
8192
8192
8192
8192
8192
8192
8192
8192
8192
8192
8192
8192
8192
8192
8192
8192
8192
8192
8192
8192
8192
8192
8192
8192
8192
8192
8192
8192
8192
8192
8192
8192
8192
8192
8192
8192
8192
8192
8192
8192
8192
8192
8192
8192
8192
8192
8192
8192
8192
8192
8192
8192
8192
8192
8192
8192
8192
8192
8192
8192
8192
8192
8192
8192
8192
8192
8192
8192
8192
8192
8192
8192
8192
8192
8192
8192
8192
8192
8192
8192
8192
8192
8192
8192
8192
8192
8192
8192
8192
8192
8192
8192
8192
8192
8192
8192
8192
8192
8192
8192
8192
8192
8192
8192
8192
8192
8192
8192
8192
8192
8192
8192
8192
8192
8192
8192
8192
8192
8192
8192
8192
8192
8192
8192
8192
8192
8192
8192
8192
8192
8192
8192
8192
8192
8192
8192
8192
8192
8192
8192
8192
8192
8192
8192
8192
8192
8192
8192
8192
8192
8192
8192
8192
8192
8192
8192
8192
8192
8192
8192
8192
8192
8192
8192
8192
8192
8192
8192
8192
8192
8192
8192
8192
8192
8192
8192
8192
8192
8192
8192
8192
8192
8192
8192
8192
8192
8192
8192
8192
8192
8192
8192
8192
8192
8192
8192
8192
8192
8192
8192
8192
8192
8192
8192
8192
8192
8192
8192
8192
8192
8192
8192
8192
8192
8192
8192
8192
8192
8192
8192
8192
8192
8192
8192
8192
8192
8192
8192
8192
8192
8192
8192
8192
8192
8192
8192
8192
8192
8192
8192
8192
8192
8192
8192
8192
8192
8192
8192
8192
8192
8192
8192
8192
8192
8192
8192
8192
8192
8192
8192
8192
8192
8192
8192
8192
8192
8192
8192
8192
8192
8191
8191
8191
8191
8191
8191
8191
8191
8191
8191
8191
8191
8191
8191
8191
8191
8191
8191
8191
8191
8191
8191
8191
8191
8191
8191
8191
8191
8191
8191
8191
8191
8191
8191
8191
8191
8191
8191
8191
8191
8191
8191
8191
8191
8191
8191
8191
8191
8191
8191
8191
8191
8191
8191
8191
8191
8191
8191
8191
8191
8191
8191
8191
8191
8191
8191
8191
8191
8191
8191
8191
8191
8191
8191
8191
8191
8191
8191
8191
8191
8191
8191
8191
8191
8191
8191
8191
8191
8191
8191
8191
8191
8191
8191
8191
8191
8191
8191
8191
8191
8191
8191
8191
8191
8191
8191
8191
8191
8191
8191
8191
8191
8191
8191
8191
8191
8191
8191
8191
8191
8191
8191
8191
8191
8191
8191
8191
8191
8191
8191
8191
8191
8191
8191
8191
8191
8191
8191
8191
8191
8191
8191
8191
8191
8191
8191
8191
8191
8191
8191
8191
8191
8191
8191
8191
8191
8191
8191
8191
8191
8191
8191
8191
8191
8191
8191
8191
8191
8191
8191
8191
8191
8191
8191
8191
8191
8191
8191
8191
8191
8191
8191
8191
8191
8191
8191
8191
8191
8191
8191
8190
8190
8190
8190
8190
8190
8190
8190
8190
8190
8190
8190
8190
8190
8190
8190
8190
8190
8190
8190
8190
8190
8190
8190
8190
8190
8190
8190
8190
8190
8190
8190
8190
8190
8190
8190
8190
8190
8190
8190
8190
8190
8190
8190
8190
8190
8190
8190
8190
8190
8190
8190
8190
8190
8190
8190
8190
8190
8190
8190
8190
8190
8190
8190
8190
8190
8190
8190
8190
8190
8190
8190
8190
8190
8190
8190
8190
8190
8190
8190
8190
8190
8190
8190
8190
8190
8190
8190
8190
8190
8190
8190
8190
8190
8190
8190
8190
8190
8190
8190
8190
8190
8190
8190
8190
8190
8190
8190
8190
8190
8190
8190
8190
8190
8190
8190
8190
8190
8190
8190
8190
8190
8190
8190
8190
8190
8190
8190
8190
8190
8190
8189
8189
8189
8189
8189
8189
8189
8189
8189
8189
8189
8189
8189
8189
8189
8189
8189
8189
8189
8189
8189
8189
8189
8189
8189
8189
8189
8189
8189
8189
8189
8189
8189
8189
8189
8189
8189
8189
8189
8189
8189
8189
8189
8189
8189
8189
8189
8189
8189
8189
8189
8189
8189
8189
8189
8189
8189
8189
8189
8189
8189
8189
8189
8189
8189
8189
8189
8189
8189
8189
8189
8189
8189
8189
8189
8189
8189
8189
8189
8189
8189
8189
8189
8189
8189
8189
8189
8189
8189
8189
8189
8189
8189
8189
8189
8189
8189
8189
8189
8189
8189
8189
8189
8189
8189
8189
8189
8188
8188
8188
8188
8188
8188
8188
8188
8188
8188
8188
8188
8188
8188
8188
8188
8188
8188
8188
8188
8188
8188
8188
8188
8188
8188
8188
8188
8188
8188
8188
8188
8188
8188
8188
8188
8188
8188
8188
8188
8188
8188
8188
8188
8188
8188
8188
8188
8188
8188
8188
8188
8188
8188
8188
8188
8188
8188
8188
8188
8188
8188
8188
8188
8188
8188
8188
8188
8188
8188
8188
8188
8188
8188
8188
8188
8188
8188
8188
8188
8188
8188
8188
8188
8188
8188
8188
8188
8188
8188
8188
8188
8187
8187
8187
8187
8187
8187
8187
8187
8187
8187
8187
8187
8187
8187
8187
8187
8187
8187
8187
8187
8187
8187
8187
8187
8187
8187
8187
8187
8187
8187
8187
8187
8187
8187
8187
8187
8187
8187
8187
8187
8187
8187
8187
8187
8187
8187
8187
8187
8187
8187
8187
8187
8187
8187
8187
8187
8187
8187
8187
8187
8187
8187
8187
8187
8187
8187
8187
8187
8187
8187
8187
8187
8187
8187
8187
8187
8187
8187
8187
8187
8187
8187
8186
8186
8186
8186
8186
8186
8186
8186
8186
8186
8186
8186
8186
8186
8186
8186
8186
8186
8186
8186
8186
8186
8186
8186
8186
8186
8186
8186
8186
8186
8186
8186
8186
8186
8186
8186
8186
8186
8186
8186
8186
8186
8186
8186
8186
8186
8186
8186
8186
8186
8186
8186
8186
8186
8186
8186
8186
8186
8186
8186
8186
8186
8186
8186
8186
8186
8186
8186
8186
8186
8186
8186
8186
8186
8186
8185
8185
8185
8185
8185
8185
8185
8185
8185
8185
8185
8185
8185
8185
8185
8185
8185
8185
8185
8185
8185
8185
8185
8185
8185
8185
8185
8185
8185
8185
8185
8185
8185
8185
8185
8185
8185
8185
8185
8185
8185
8185
8185
8185
8185
8185
8185
8185
8185
8185
8185
8185
8185
8185
8185
8185
8185
8185
8185
8185
8185
8185
8185
8185
8185
8185
8185
8185
8185
8185
8184
8184
8184
8184
8184
8184
8184
8184
8184
8184
8184
8184
8184
8184
8184
8184
8184
8184
8184
8184
8184
8184
8184
8184
8184
8184
8184
8184
8184
8184
8184
8184
8184
8184
8184
8184
8184
8184
8184
8184
8184
8184
8184
8184
8184
8184
8184
8184
8184
8184
8184
8184
8184
8184
8184
8184
8184
8184
8184
8184
8184
8184
8184
8184
8184
8183
8183
8183
8183
8183
8183
8183
8183
8183
8183
8183
8183
8183
8183
8183
8183
8183
8183
8183
8183
8183
8183
8183
8183
8183
8183
8183
8183
8183
8183
8183
8183
8183
8183
8183
8183
8183
8183
8183
8183
8183
8183
8183
8183
8183
8183
8183
8183
8183
8183
8183
8183
8183
8183
8183
8183
8183
8183
8183
8183
8183
8182
8182
8182
8182
8182
8182
8182
8182
8182
8182
8182
8182
8182
8182
8182
8182
8182
8182
8182
8182
8182
8182
8182
8182
8182
8182
8182
8182
8182
8182
8182
8182
8182
8182
8182
8182
8182
8182
8182
8182
8182
8182
8182
8182
8182
8182
8182
8182
8182
8182
8182
8182
8182
8182
8182
8182
8182
8182
8181
8181
8181
8181
8181
8181
8181
8181
8181
8181
8181
8181
8181
8181
8181
8181
8181
8181
8181
8181
8181
8181
8181
8181
8181
8181
8181
8181
8181
8181
8181
8181
8181
8181
8181
8181
8181
8181
8181
8181
8181
8181
8181
8181
8181
8181
8181
8181
8181
8181
8181
8181
8181
8181
8181
8181
8180
8180
8180
8180
8180
8180
8180
8180
8180
8180
8180
8180
8180
8180
8180
8180
8180
8180
8180
8180
8180
8180
8180
8180
8180
8180
8180
8180
8180
8180
8180
8180
8180
8180
8180
8180
8180
8180
8180
8180
8180
8180
8180
8180
8180
8180
8180
8180
8180
8180
8180
8180
8180
8179
8179
8179
8179
8179
8179
8179
8179
8179
8179
8179
8179
8179
8179
8179
8179
8179
8179
8179
8179
8179
8179
8179
8179
8179
8179
8179
8179
8179
8179
8179
8179
8179
8179
8179
8179
8179
8179
8179
8179
8179
8179
8179
8179
8179
8179
8179
8179
8179
8179
8179
8178
8178
8178
8178
8178
8178
8178
8178
8178
8178
8178
8178
8178
8178
8178
8178
8178
8178
8178
8178
8178
8178
8178
8178
8178
8178
8178
8178
8178
8178
8178
8178
8178
8178
8178
8178
8178
8178
8178
8178
8178
8178
8178
8178
8178
8178
8178
8178
8178
8177
8177
8177
8177
8177
8177
8177
8177
8177
8177
8177
8177
8177
8177
8177
8177
8177
8177
8177
8177
8177
8177
8177
8177
8177
8177
8177
8177
8177
8177
8177
8177
8177
8177
8177
8177
8177
8177
8177
8177
8177
8177
8177
8177
8177
8177
8177
8176
8176
8176
8176
8176
8176
8176
8176
8176
8176
8176
8176
8176
8176
8176
8176
8176
8176
8176
8176
8176
8176
8176
8176
8176
8176
8176
8176
8176
8176
8176
8176
8176
8176
8176
8176
8176
8176
8176
8176
8176
8176
8176
8176
8176
8176
8175
8175
8175
8175
8175
8175
8175
8175
8175
8175
8175
8175
8175
8175
8175
8175
8175
8175
8175
8175
8175
8175
8175
8175
8175
8175
8175
8175
8175
8175
8175
8175
8175
8175
8175
8175
8175
8175
8175
8175
8175
8175
8175
8175
8175
8174
8174
8174
8174
8174
8174
8174
8174
8174
8174
8174
8174
8174
8174
8174
8174
8174
8174
8174
8174
8174
8174
8174
8174
8174
8174
8174
8174
8174
8174
8174
8174
8174
8174
8174
8174
8174
8174
8174
8174
8174
8174
8174
8173
8173
8173
8173
8173
8173
8173
8173
8173
8173
8173
8173
8173
8173
8173
8173
8173
8173
8173
8173
8173
8173
8173
8173
8173
8173
8173
8173
8173
8173
8173
8173
8173
8173
8173
8173
8173
8173
8173
8173
8173
8173
8173
8172
8172
8172
8172
8172
8172
8172
8172
8172
8172
8172
8172
8172
8172
8172
8172
8172
8172
8172
8172
8172
8172
8172
8172
8172
8172
8172
8172
8172
8172
8172
8172
8172
8172
8172
8172
8172
8172
8172
8172
8172
8171
8171
8171
8171
8171
8171
8171
8171
8171
8171
8171
8171
8171
8171
8171
8171
8171
8171
8171
8171
8171
8171
8171
8171
8171
8171
8171
8171
8171
8171
8171
8171
8171
8171
8171
8171
8171
8171
8171
8171
8170
8170
8170
8170
8170
8170
8170
8170
8170
8170
8170
8170
8170
8170
8170
8170
8170
8170
8170
8170
8170
8170
8170
8170
8170
8170
8170
8170
8170
8170
8170
8170
8170
8170
8170
8170
8170
8170
8170
8169
8169
8169
8169
8169
8169
8169
8169
8169
8169
8169
8169
8169
8169
8169
8169
8169
8169
8169
8169
8169
8169
8169
8169
8169
8169
8169
8169
8169
8169
8169
8169
8169
8169
8169
8169
8169
8169
8169
8168
8168
8168
8168
8168
8168
8168
8168
8168
8168
8168
8168
8168
8168
8168
8168
8168
8168
8168
8168
8168
8168
8168
8168
8168
8168
8168
8168
8168
8168
8168
8168
8168
8168
8168
8168
8168
8167
8167
8167
8167
8167
8167
8167
8167
8167
8167
8167
8167
8167
8167
8167
8167
8167
8167
8167
8167
8167
8167
8167
8167
8167
8167
8167
8167
8167
8167
8167
8167
8167
8167
8167
8167
8167
8166
8166
8166
8166
8166
8166
8166
8166
8166
8166
8166
8166
8166
8166
8166
8166
8166
8166
8166
8166
8166
8166
8166
8166
8166
8166
8166
8166
8166
8166
8166
8166
8166
8166
8166
8166
8165
8165
8165
8165
8165
8165
8165
8165
8165
8165
8165
8165
8165
8165
8165
8165
8165
8165
8165
8165
8165
8165
8165
8165
8165
8165
8165
8165
8165
8165
8165
8165
8165
8165
8165
8164
8164
8164
8164
8164
8164
8164
8164
8164
8164
8164
8164
8164
8164
8164
8164
8164
8164
8164
8164
8164
8164
8164
8164
8164
8164
8164
8164
8164
8164
8164
8164
8164
8164
8164
8163
8163
8163
8163
8163
8163
8163
8163
8163
8163
8163
8163
8163
8163
8163
8163
8163
8163
8163
8163
8163
8163
8163
8163
8163
8163
8163
8163
8163
8163
8163
8163
8163
8163
8162
8162
8162
8162
8162
8162
8162
8162
8162
8162
8162
8162
8162
8162
8162
8162
8162
8162
8162
8162
8162
8162
8162
8162
8162
8162
8162
8162
8162
8162
8162
8162
8162
8162
8161
8161
8161
8161
8161
8161
8161
8161
8161
8161
8161
8161
8161
8161
8161
8161
8161
8161
8161
8161
8161
8161
8161
8161
8161
8161
8161
8161
8161
8161
8161
8161
8161
8160
8160
8160
8160
8160
8160
8160
8160
8160
8160
8160
8160
8160
8160
8160
8160
8160
8160
8160
8160
8160
8160
8160
8160
8160
8160
8160
8160
8160
8160
8160
8160
8160
8159
8159
8159
8159
8159
8159
8159
8159
8159
8159
8159
8159
8159
8159
8159
8159
8159
8159
8159
8159
8159
8159
8159
8159
8159
8159
8159
8159
8159
8159
8159
8159
8158
8158
8158
8158
8158
8158
8158
8158
8158
8158
8158
8158
8158
8158
8158
8158
8158
8158
8158
8158
8158
8158
8158
8158
8158
8158
8158
8158
8158
8158
8158
8157
8157
8157
8157
8157
8157
8157
8157
8157
8157
8157
8157
8157
8157
8157
8157
8157
8157
8157
8157
8157
8157
8157
8157
8157
8157
8157
8157
8157
8157
8157
8156
8156
8156
8156
8156
8156
8156
8156
8156
8156
8156
8156
8156
8156
8156
8156
8156
8156
8156
8156
8156
8156
8156
8156
8156
8156
8156
8156
8156
8156
8156
8155
8155
8155
8155
8155
8155
8155
8155
8155
8155
8155
8155
8155
8155
8155
8155
8155
8155
8155
8155
8155
8155
8155
8155
8155
8155
8155
8155
8155
8155
8154
8154
8154
8154
8154
8154
8154
8154
8154
8154
8154
8154
8154
8154
8154
8154
8154
8154
8154
8154
8154
8154
8154
8154
8154
8154
8154
8154
8154
8154
8153
8153
8153
8153
8153
8153
8153
8153
8153
8153
8153
8153
8153
8153
8153
8153
8153
8153
8153
8153
8153
8153
8153
8153
8153
8153
8153
8153
8153
8153
8152
8152
8152
8152
8152
8152
8152
8152
8152
8152
8152
8152
8152
8152
8152
8152
8152
8152
8152
8152
8152
8152
8152
8152
8152
8152
8152
8152
8152
8151
8151
8151
8151
8151
8151
8151
8151
8151
8151
8151
8151
8151
8151
8151
8151
8151
8151
8151
8151
8151
8151
8151
8151
8151
8151
8151
8151
8150
8150
8150
8150
8150
8150
8150
8150
8150
8150
8150
8150
8150
8150
8150
8150
8150
8150
8150
8150
8150
8150
8150
8150
8150
8150
8150
8150
8150
8149
8149
8149
8149
8149
8149
8149
8149
8149
8149
8149
8149
8149
8149
8149
8149
8149
8149
8149
8149
8149
8149
8149
8149
8149
8149
8149
8149
8148
8148
8148
8148
8148
8148
8148
8148
8148
8148
8148
8148
8148
8148
8148
8148
8148
8148
8148
8148
8148
8148
8148
8148
8148
8148
8148
8148
8147
8147
8147
8147
8147
8147
8147
8147
8147
8147
8147
8147
8147
8147
8147
8147
8147
8147
8147
8147
8147
8147
8147
8147
8147
8147
8147
8146
8146
8146
8146
8146
8146
8146
8146
8146
8146
8146
8146
8146
8146
8146
8146
8146
8146
8146
8146
8146
8146
8146
8146
8146
8146
8146
8145
8145
8145
8145
8145
8145
8145
8145
8145
8145
8145
8145
8145
8145
8145
8145
8145
8145
8145
8145
8145
8145
8145
8145
8145
8145
8145
8144
8144
8144
8144
8144
8144
8144
8144
8144
8144
8144
8144
8144
8144
8144
8144
8144
8144
8144
8144
8144
8144
8144
8144
8144
8144
8144
8143
8143
8143
8143
8143
8143
8143
8143
8143
8143
8143
8143
8143
8143
8143
8143
8143
8143
8143
8143
8143
8143
8143
8143
8143
8143
8142
8142
8142
8142
8142
8142
8142
8142
8142
8142
8142
8142
8142
8142
8142
8142
8142
8142
8142
8142
8142
8142
8142
8142
8142
8142
8141
8141
8141
8141
8141
8141
8141
8141
8141
8141
8141
8141
8141
8141
8141
8141
8141
8141
8141
8141
8141
8141
8141
8141
8141
8141
8140
8140
8140
8140
8140
8140
8140
8140
8140
8140
8140
8140
8140
8140
8140
8140
8140
8140
8140
8140
8140
8140
8140
8140
8140
8139
8139
8139
8139
8139
8139
8139
8139
8139
8139
8139
8139
8139
8139
8139
8139
8139
8139
8139
8139
8139
8139
8139
8139
8139
8139
8138
8138
8138
8138
8138
8138
8138
8138
8138
8138
8138
8138
8138
8138
8138
8138
8138
8138
8138
8138
8138
8138
8138
8138
8138
8137
8137
8137
8137
8137
8137
8137
8137
8137
8137
8137
8137
8137
8137
8137
8137
8137
8137
8137
8137
8137
8137
8137
8137
8137
8136
8136
8136
8136
8136
8136
8136
8136
8136
8136
8136
8136
8136
8136
8136
8136
8136
8136
8136
8136
8136
8136
8136
8136
8135
8135
8135
8135
8135
8135
8135
8135
8135
8135
8135
8135
8135
8135
8135
8135
8135
8135
8135
8135
8135
8135
8135
8135
8135
8134
8134
8134
8134
8134
8134
8134
8134
8134
8134
8134
8134
8134
8134
8134
8134
8134
8134
8134
8134
8134
8134
8134
8134
8133
8133
8133
8133
8133
8133
8133
8133
8133
8133
8133
8133
8133
8133
8133
8133
8133
8133
8133
8133
8133
8133
8133
8133
8132
8132
8132
8132
8132
8132
8132
8132
8132
8132
8132
8132
8132
8132
8132
8132
8132
8132
8132
8132
8132
8132
8132
8132
8131
8131
8131
8131
8131
8131
8131
8131
8131
8131
8131
8131
8131
8131
8131
8131
8131
8131
8131
8131
8131
8131
8131
8130
8130
8130
8130
8130
8130
8130
8130
8130
8130
8130
8130
8130
8130
8130
8130
8130
8130
8130
8130
8130
8130
8130
8130
8129
8129
8129
8129
8129
8129
8129
8129
8129
8129
8129
8129
8129
8129
8129
8129
8129
8129
8129
8129
8129
8129
8129
8128
8128
8128
8128
8128
8128
8128
8128
8128
8128
8128
8128
8128
8128
8128
8128
8128
8128
8128
8128
8128
8128
8128
8127
8127
8127
8127
8127
8127
8127
8127
8127
8127
8127
8127
8127
8127
8127
8127
8127
8127
8127
8127
8127
8127
8127
8126
8126
8126
8126
8126
8126
8126
8126
8126
8126
8126
8126
8126
8126
8126
8126
8126
8126
8126
8126
8126
8126
8126
8125
8125
8125
8125
8125
8125
8125
8125
8125
8125
8125
8125
8125
8125
8125
8125
8125
8125
8125
8125
8125
8125
8124
8124
8124
8124
8124
8124
8124
8124
8124
8124
8124
8124
8124
8124
8124
8124
8124
8124
8124
8124
8124
8124
8123
8123
8123
8123
8123
8123
8123
8123
8123
8123
8123
8123
8123
8123
8123
8123
8123
8123
8123
8123
8123
8123
8123
8122
8122
8122
8122
8122
8122
8122
8122
8122
8122
8122
8122
8122
8122
8122
8122
8122
8122
8122
8122
8122
8122
8121
8121
8121
8121
8121
8121
8121
8121
8121
8121
8121
8121
8121
8121
8121
8121
8121
8121
8121
8121
8121
8121
8120
8120
8120
8120
8120
8120
8120
8120
8120
8120
8120
8120
8120
8120
8120
8120
8120
8120
8120
8120
8120
8119
8119
8119
8119
8119
8119
8119
8119
8119
8119
8119
8119
8119
8119
8119
8119
8119
8119
8119
8119
8119
8119
8118
8118
8118
8118
8118
8118
8118
8118
8118
8118
8118
8118
8118
8118
8118
8118
8118
8118
8118
8118
8118
8117
8117
8117
8117
8117
8117
8117
8117
8117
8117
8117
8117
8117
8117
8117
8117
8117
8117
8117
8117
8117
8117
8116
8116
8116
8116
8116
8116
8116
8116
8116
8116
8116
8116
8116
8116
8116
8116
8116
8116
8116
8116
8116
8115
8115
8115
8115
8115
8115
8115
8115
8115
8115
8115
8115
8115
8115
8115
8115
8115
8115
8115
8115
8115
8114
8114
8114
8114
8114
8114
8114
8114
8114
8114
8114
8114
8114
8114
8114
8114
8114
8114
8114
8114
8114
8113
8113
8113
8113
8113
8113
8113
8113
8113
8113
8113
8113
8113
8113
8113
8113
8113
8113
8113
8113
8112
8112
8112
8112
8112
8112
8112
8112
8112
8112
8112
8112
8112
8112
8112
8112
8112
8112
8112
8112
8112
8111
8111
8111
8111
8111
8111
8111
8111
8111
8111
8111
8111
8111
8111
8111
8111
8111
8111
8111
8111
8111
8110
8110
8110
8110
8110
8110
8110
8110
8110
8110
8110
8110
8110
8110
8110
8110
8110
8110
8110
8110
8109
8109
8109
8109
8109
8109
8109
8109
8109
8109
8109
8109
8109
8109
8109
8109
8109
8109
8109
8109
8108
8108
8108
8108
8108
8108
8108
8108
8108
8108
8108
8108
8108
8108
8108
8108
8108
8108
8108
8108
8107
8107
8107
8107
8107
8107
8107
8107
8107
8107
8107
8107
8107
8107
8107
8107
8107
8107
8107
8107
8106
8106
8106
8106
8106
8106
8106
8106
8106
8106
8106
8106
8106
8106
8106
8106
8106
8106
8106
8106
8105
8105
8105
8105
8105
8105
8105
8105
8105
8105
8105
8105
8105
8105
8105
8105
8105
8105
8105
8105
8104
8104
8104
8104
8104
8104
8104
8104
8104
8104
8104
8104
8104
8104
8104
8104
8104
8104
8104
8104
8103
8103
8103
8103
8103
8103
8103
8103
8103
8103
8103
8103
8103
8103
8103
8103
8103
8103
8103
8102
8102
8102
8102
8102
8102
8102
8102
8102
8102
8102
8102
8102
8102
8102
8102
8102
8102
8102
8102
8101
8101
8101
8101
8101
8101
8101
8101
8101
8101
8101
8101
8101
8101
8101
8101
8101
8101
8101
8100
8100
8100
8100
8100
8100
8100
8100
8100
8100
8100
8100
8100
8100
8100
8100
8100
8100
8100
8099
8099
8099
8099
8099
8099
8099
8099
8099
8099
8099
8099
8099
8099
8099
8099
8099
8099
8099
8098
8098
8098
8098
8098
8098
8098
8098
8098
8098
8098
8098
8098
8098
8098
8098
8098
8098
8098
8097
8097
8097
8097
8097
8097
8097
8097
8097
8097
8097
8097
8097
8097
8097
8097
8097
8097
8097
8096
8096
8096
8096
8096
8096
8096
8096
8096
8096
8096
8096
8096
8096
8096
8096
8096
8096
8096
8095
8095
8095
8095
8095
8095
8095
8095
8095
8095
8095
8095
8095
8095
8095
8095
8095
8095
8095
8094
8094
8094
8094
8094
8094
8094
8094
8094
8094
8094
8094
8094
8094
8094
8094
8094
8094
8094
8093
8093
8093
8093
8093
8093
8093
8093
8093
8093
8093
8093
8093
8093
8093
8093
8093
8093
8092
8092
8092
8092
8092
8092
8092
8092
8092
8092
8092
8092
8092
8092
8092
8092
8092
8092
8092
8091
8091
8091
8091
8091
8091
8091
8091
8091
8091
8091
8091
8091
8091
8091
8091
8091
8091
8090
8090
8090
8090
8090
8090
8090
8090
8090
8090
8090
8090
8090
8090
8090
8090
8090
8090
8089
8089
8089
8089
8089
8089
8089
8089
8089
8089
8089
8089
8089
8089
8089
8089
8089
8089
8089
8088
8088
8088
8088
8088
8088
8088
8088
8088
8088
8088
8088
8088
8088
8088
8088
8088
8088
8087
8087
8087
8087
8087
8087
8087
8087
8087
8087
8087
8087
8087
8087
8087
8087
8087
8087
8086
8086
8086
8086
8086
8086
8086
8086
8086
8086
8086
8086
8086
8086
8086
8086
8086
8086
8085
8085
8085
8085
8085
8085
8085
8085
8085
8085
8085
8085
8085
8085
8085
8085
8085
8084
8084
8084
8084
8084
8084
8084
8084
8084
8084
8084
8084
8084
8084
8084
8084
8084
8084
8083
8083
8083
8083
8083
8083
8083
8083
8083
8083
8083
8083
8083
8083
8083
8083
8083
8083
8082
8082
8082
8082
8082
8082
8082
8082
8082
8082
8082
8082
8082
8082
8082
8082
8082
8082
8081
8081
8081
8081
8081
8081
8081
8081
8081
8081
8081
8081
8081
8081
8081
8081
8081
8080
8080
8080
8080
8080
8080
8080
8080
8080
8080
8080
8080
8080
8080
8080
8080
8080
8080
8079
8079
8079
8079
8079
8079
8079
8079
8079
8079
8079
8079
8079
8079
8079
8079
8079
8078
8078
8078
8078
8078
8078
8078
8078
8078
8078
8078
8078
8078
8078
8078
8078
8078
8077
8077
8077
8077
8077
8077
8077
8077
8077
8077
8077
8077
8077
8077
8077
8077
8077
8076
8076
8076
8076
8076
8076
8076
8076
8076
8076
8076
8076
8076
8076
8076
8076
8076
8076
8075
8075
8075
8075
8075
8075
8075
8075
8075
8075
8075
8075
8075
8075
8075
8075
8075
8074
8074
8074
8074
8074
8074
8074
8074
8074
8074
8074
8074
8074
8074
8074
8074
8074
8073
8073
8073
8073
8073
8073
8073
8073
8073
8073
8073
8073
8073
8073
8073
8073
8073
8072
8072
8072
8072
8072
8072
8072
8072
8072
8072
8072
8072
8072
8072
8072
8072
8072
8071
8071
8071
8071
8071
8071
8071
8071
8071
8071
8071
8071
8071
8071
8071
8071
8070
8070
8070
8070
8070
8070
8070
8070
8070
8070
8070
8070
8070
8070
8070
8070
8070
8069
8069
8069
8069
8069
8069
8069
8069
8069
8069
8069
8069
8069
8069
8069
8069
8069
8068
8068
8068
8068
8068
8068
8068
8068
8068
8068
8068
8068
8068
8068
8068
8068
8067
8067
8067
8067
8067
8067
8067
8067
8067
8067
8067
8067
8067
8067
8067
8067
8067
8066
8066
8066
8066
8066
8066
8066
8066
8066
8066
8066
8066
8066
8066
8066
8066
8065
8065
8065
8065
8065
8065
8065
8065
8065
8065
8065
8065
8065
8065
8065
8065
8065
8064
8064
8064
8064
8064
8064
8064
8064
8064
8064
8064
8064
8064
8064
8064
8064
8063
8063
8063
8063
8063
8063
8063
8063
8063
8063
8063
8063
8063
8063
8063
8063
8062
8062
8062
8062
8062
8062
8062
8062
8062
8062
8062
8062
8062
8062
8062
8062
8062
8061
8061
8061
8061
8061
8061
8061
8061
8061
8061
8061
8061
8061
8061
8061
8061
8060
8060
8060
8060
8060
8060
8060
8060
8060
8060
8060
8060
8060
8060
8060
8060
8059
8059
8059
8059
8059
8059
8059
8059
8059
8059
8059
8059
8059
8059
8059
8059
8058
8058
8058
8058
8058
8058
8058
8058
8058
8058
8058
8058
8058
8058
8058
8058
8057
8057
8057
8057
8057
8057
8057
8057
8057
8057
8057
8057
8057
8057
8057
8057
8056
8056
8056
8056
8056
8056
8056
8056
8056
8056
8056
8056
8056
8056
8056
8056
8055
8055
8055
8055
8055
8055
8055
8055
8055
8055
8055
8055
8055
8055
8055
8054
8054
8054
8054
8054
8054
8054
8054
8054
8054
8054
8054
8054
8054
8054
8054
8053
8053
8053
8053
8053
8053
8053
8053
8053
8053
8053
8053
8053
8053
8053
8053
8052
8052
8052
8052
8052
8052
8052
8052
8052
8052
8052
8052
8052
8052
8052
8052
8051
8051
8051
8051
8051
8051
8051
8051
8051
8051
8051
8051
8051
8051
8051
8050
8050
8050
8050
8050
8050
8050
8050
8050
8050
8050
8050
8050
8050
8050
8050
8049
8049
8049
8049
8049
8049
8049
8049
8049
8049
8049
8049
8049
8049
8049
8048
8048
8048
8048
8048
8048
8048
8048
8048
8048
8048
8048
8048
8048
8048
8048
8047
8047
8047
8047
8047
8047
8047
8047
8047
8047
8047
8047
8047
8047
8047
8046
8046
8046
8046
8046
8046
8046
8046
8046
8046
8046
8046
8046
8046
8046
8045
8045
8045
8045
8045
8045
8045
8045
8045
8045
8045
8045
8045
8045
8045
8044
8044
8044
8044
8044
8044
8044
8044
8044
8044
8044
8044
8044
8044
8044
8044
8043
8043
8043
8043
8043
8043
8043
8043
8043
8043
8043
8043
8043
8043
8043
8042
8042
8042
8042
8042
8042
8042
8042
8042
8042
8042
8042
8042
8042
8042
8041
8041
8041
8041
8041
8041
8041
8041
8041
8041
8041
8041
8041
8041
8041
8040
8040
8040
8040
8040
8040
8040
8040
8040
8040
8040
8040
8040
8040
8040
8039
8039
8039
8039
8039
8039
8039
8039
8039
8039
8039
8039
8039
8039
8039
8038
8038
8038
8038
8038
8038
8038
8038
8038
8038
8038
8038
8038
8038
8038
8037
8037
8037
8037
8037
8037
8037
8037
8037
8037
8037
8037
8037
8037
8037
8036
8036
8036
8036
8036
8036
8036
8036
8036
8036
8036
8036
8036
8036
8036
8035
8035
8035
8035
8035
8035
8035
8035
8035
8035
8035
8035
8035
8035
8034
8034
8034
8034
8034
8034
8034
8034
8034
8034
8034
8034
8034
8034
8034
8033
8033
8033
8033
8033
8033
8033
8033
8033
8033
8033
8033
8033
8033
8033
8032
8032
8032
8032
8032
8032
8032
8032
8032
8032
8032
8032
8032
8032
8031
8031
8031
8031
8031
8031
8031
8031
8031
8031
8031
8031
8031
8031
8031
8030
8030
8030
8030
8030
8030
8030
8030
8030
8030
8030
8030
8030
8030
8030
8029
8029
8029
8029
8029
8029
8029
8029
8029
8029
8029
8029
8029
8029
8028
8028
8028
8028
8028
8028
8028
8028
8028
8028
8028
8028
8028
8028
8028
8027
8027
8027
8027
8027
8027
8027
8027
8027
8027
8027
8027
8027
8027
8026
8026
8026
8026
8026
8026
8026
8026
8026
8026
8026
8026
8026
8026
8025
8025
8025
8025
8025
8025
8025
8025
8025
8025
8025
8025
8025
8025
8025
8024
8024
8024
8024
8024
8024
8024
8024
8024
8024
8024
8024
8024
8024
8023
8023
8023
8023
8023
8023
8023
8023
8023
8023
8023
8023
8023
8023
8022
8022
8022
8022
8022
8022
8022
8022
8022
8022
8022
8022
8022
8022
8021
8021
8021
8021
8021
8021
8021
8021
8021
8021
8021
8021
8021
8021
8021
8020
8020
8020
8020
8020
8020
8020
8020
8020
8020
8020
8020
8020
8020
8019
8019
8019
8019
8019
8019
8019
8019
8019
8019
8019
8019
8019
8019
8018
8018
8018
8018
8018
8018
8018
8018
8018
8018
8018
8018
8018
8018
8017
8017
8017
8017
8017
8017
8017
8017
8017
8017
8017
8017
8017
8017
8016
8016
8016
8016
8016
8016
8016
8016
8016
8016
8016
8016
8016
8016
8015
8015
8015
8015
8015
8015
8015
8015
8015
8015
8015
8015
8015
8015
8014
8014
8014
8014
8014
8014
8014
8014
8014
8014
8014
8014
8014
8014
8013
8013
8013
8013
8013
8013
8013
8013
8013
8013
8013
8013
8013
8013
8012
8012
8012
8012
8012
8012
8012
8012
8012
8012
8012
8012
8012
8011
8011
8011
8011
8011
8011
8011
8011
8011
8011
8011
8011
8011
8011
8010
8010
8010
8010
8010
8010
8010
8010
8010
8010
8010
8010
8010
8010
8009
8009
8009
8009
8009
8009
8009
8009
8009
8009
8009
8009
8009
8009
8008
8008
8008
8008
8008
8008
8008
8008
8008
8008
8008
8008
8008
8007
8007
8007
8007
8007
8007
8007
8007
8007
8007
8007
8007
8007
8007
8006
8006
8006
8006
8006
8006
8006
8006
8006
8006
8006
8006
8006
8005
8005
8005
8005
8005
8005
8005
8005
8005
8005
8005
8005
8005
8005
8004
8004
8004
8004
8004
8004
8004
8004
8004
8004
8004
8004
8004
8004
8003
8003
8003
8003
8003
8003
8003
8003
8003
8003
8003
8003
8003
8002
8002
8002
8002
8002
8002
8002
8002
8002
8002
8002
8002
8002
8001
8001
8001
8001
8001
8001
8001
8001
8001
8001
8001
8001
8001
8001
8000
8000
8000
8000
8000
8000
8000
8000
8000
8000
8000
8000
8000
7999
7999
7999
7999
7999
7999
7999
7999
7999
7999
7999
7999
7999
7999
7998
7998
7998
7998
7998
7998
7998
7998
7998
7998
7998
7998
7998
7997
7997
7997
7997
7997
7997
7997
7997
7997
7997
7997
7997
7997
7996
7996
7996
7996
7996
7996
7996
7996
7996
7996
7996
7996
7996
7995
7995
7995
7995
7995
7995
7995
7995
7995
7995
7995
7995
7995
7995
7994
7994
7994
7994
7994
7994
7994
7994
7994
7994
7994
7994
7994
7993
7993
7993
7993
7993
7993
7993
7993
7993
7993
7993
7993
7993
7992
7992
7992
7992
7992
7992
7992
7992
7992
7992
7992
7992
7992
7991
7991
7991
7991
7991
7991
7991
7991
7991
7991
7991
7991
7991
7990
7990
7990
7990
7990
7990
7990
7990
7990
7990
7990
7990
7990
7989
7989
7989
7989
7989
7989
7989
7989
7989
7989
7989
7989
7989
7988
7988
7988
7988
7988
7988
7988
7988
7988
7988
7988
7988
7988
7987
7987
7987
7987
7987
7987
7987
7987
7987
7987
7987
7987
7987
7986
7986
7986
7986
7986
7986
7986
7986
7986
7986
7986
7986
7986
7985
7985
7985
7985
7985
7985
7985
7985
7985
7985
7985
7985
7985
7984
7984
7984
7984
7984
7984
7984
7984
7984
7984
7984
7984
7984
7983
7983
7983
7983
7983
7983
7983
7983
7983
7983
7983
7983
7983
7982
7982
7982
7982
7982
7982
7982
7982
7982
7982
7982
7982
7982
7981
7981
7981
7981
7981
7981
7981
7981
7981
7981
7981
7981
7980
7980
7980
7980
7980
7980
7980
7980
7980
7980
7980
7980
7980
7979
7979
7979
7979
7979
7979
7979
7979
7979
7979
7979
7979
7979
7978
7978
7978
7978
7978
7978
7978
7978
7978
7978
7978
7978
7978
7977
7977
7977
7977
7977
7977
7977
7977
7977
7977
7977
7977
7976
7976
7976
7976
7976
7976
7976
7976
7976
7976
7976
7976
7976
7975
7975
7975
7975
7975
7975
7975
7975
7975
7975
7975
7975
7974
7974
7974
7974
7974
7974
7974
7974
7974
7974
7974
7974
7974
7973
7973
7973
7973
7973
7973
7973
7973
7973
7973
7973
7973
7973
7972
7972
7972
7972
7972
7972
7972
7972
7972
7972
7972
7972
7971
7971
7971
7971
7971
7971
7971
7971
7971
7971
7971
7971
7971
7970
7970
7970
7970
7970
7970
7970
7970
7970
7970
7970
7970
7969
7969
7969
7969
7969
7969
7969
7969
7969
7969
7969
7969
7968
7968
7968
7968
7968
7968
7968
7968
7968
7968
7968
7968
7968
7967
7967
7967
7967
7967
7967
7967
7967
7967
7967
7967
7967
7966
7966
7966
7966
7966
7966
7966
7966
7966
7966
7966
7966
7966
7965
7965
7965
7965
7965
7965
7965
7965
7965
7965
7965
7965
7964
7964
7964
7964
7964
7964
7964
7964
7964
7964
7964
7964
7963
7963
7963
7963
7963
7963
7963
7963
7963
7963
7963
7963
7963
7962
7962
7962
7962
7962
7962
7962
7962
7962
7962
7962
7962
7961
7961
7961
7961
7961
7961
7961
7961
7961
7961
7961
7961
7960
7960
7960
7960
7960
7960
7960
7960
7960
7960
7960
7960
7959
7959
7959
7959
7959
7959
7959
7959
7959
7959
7959
7959
7958
7958
7958
7958
7958
7958
7958
7958
7958
7958
7958
7958
7958
7957
7957
7957
7957
7957
7957
7957
7957
7957
7957
7957
7957
7956
7956
7956
7956
7956
7956
7956
7956
7956
7956
7956
7956
7955
7955
7955
7955
7955
7955
7955
7955
7955
7955
7955
7955
7954
7954
7954
7954
7954
7954
7954
7954
7954
7954
7954
7954
7953
7953
7953
7953
7953
7953
7953
7953
7953
7953
7953
7953
7952
7952
7952
7952
7952
7952
7952
7952
7952
7952
7952
7952
7951
7951
7951
7951
7951
7951
7951
7951
7951
7951
7951
7951
7950
7950
7950
7950
7950
7950
7950
7950
7950
7950
7950
7950
7949
7949
7949
7949
7949
7949
7949
7949
7949
7949
7949
7949
7948
7948
7948
7948
7948
7948
7948
7948
7948
7948
7948
7948
7947
7947
7947
7947
7947
7947
7947
7947
7947
7947
7947
7947
7946
7946
7946
7946
7946
7946
7946
7946
7946
7946
7946
7945
7945
7945
7945
7945
7945
7945
7945
7945
7945
7945
7945
7944
7944
7944
7944
7944
7944
7944
7944
7944
7944
7944
7944
7943
7943
7943
7943
7943
7943
7943
7943
7943
7943
7943
7943
7942
7942
7942
7942
7942
7942
7942
7942
7942
7942
7942
7942
7941
7941
7941
7941
7941
7941
7941
7941
7941
7941
7941
7940
7940
7940
7940
7940
7940
7940
7940
7940
7940
7940
7940
7939
7939
7939
7939
7939
7939
7939
7939
7939
7939
7939
7939
7938
7938
7938
7938
7938
7938
7938
7938
7938
7938
7938
7937
7937
7937
7937
7937
7937
7937
7937
7937
7937
7937
7937
7936
7936
7936
7936
7936
7936
7936
7936
7936
7936
7936
7936
7935
7935
7935
7935
7935
7935
7935
7935
7935
7935
7935
7934
7934
7934
7934
7934
7934
7934
7934
7934
7934
7934
7934
7933
7933
7933
7933
7933
7933
7933
7933
7933
7933
7933
7932
7932
7932
7932
7932
7932
7932
7932
7932
7932
7932
7932
7931
7931
7931
7931
7931
7931
7931
7931
7931
7931
7931
7930
7930
7930
7930
7930
7930
7930
7930
7930
7930
7930
7930
7929
7929
7929
7929
7929
7929
7929
7929
7929
7929
7929
7928
7928
7928
7928
7928
7928
7928
7928
7928
7928
7928
7928
7927
7927
7927
7927
7927
7927
7927
7927
7927
7927
7927
7926
7926
7926
7926
7926
7926
7926
7926
7926
7926
7926
7926
7925
7925
7925
7925
7925
7925
7925
7925
7925
7925
7925
7924
7924
7924
7924
7924
7924
7924
7924
7924
7924
7924
7923
7923
7923
7923
7923
7923
7923
7923
7923
7923
7923
7923
7922
7922
7922
7922
7922
7922
7922
7922
7922
7922
7922
7921
7921
7921
7921
7921
7921
7921
7921
7921
7921
7921
7920
7920
7920
7920
7920
7920
7920
7920
7920
7920
7920
7920
7919
7919
7919
7919
7919
7919
7919
7919
7919
7919
7919
7918
7918
7918
7918
7918
7918
7918
7918
7918
7918
7918
7917
7917
7917
7917
7917
7917
7917
7917
7917
7917
7917
7917
7916
7916
7916
7916
7916
7916
7916
7916
7916
7916
7916
7915
7915
7915
7915
7915
7915
7915
7915
7915
7915
7915
7914
7914
7914
7914
7914
7914
7914
7914
7914
7914
7914
7913
7913
7913
7913
7913
7913
7913
7913
7913
7913
7913
7912
7912
7912
7912
7912
7912
7912
7912
7912
7912
7912
7911
7911
7911
7911
7911
7911
7911
7911
7911
7911
7911
7910
7910
7910
7910
7910
7910
7910
7910
7910
7910
7910
7910
7909
7909
7909
7909
7909
7909
7909
7909
7909
7909
7909
7908
7908
7908
7908
7908
7908
7908
7908
7908
7908
7908
7907
7907
7907
7907
7907
7907
7907
7907
7907
7907
7907
7906
7906
7906
7906
7906
7906
7906
7906
7906
7906
7906
7905
7905
7905
7905
7905
7905
7905
7905
7905
7905
7905
7904
7904
7904
7904
7904
7904
7904
7904
7904
7904
7904
7903
7903
7903
7903
7903
7903
7903
7903
7903
7903
7903
7902
7902
7902
7902
7902
7902
7902
7902
7902
7902
7902
7901
7901
7901
7901
7901
7901
7901
7901
7901
7901
7901
7900
7900
7900
7900
7900
7900
7900
7900
7900
7900
7899
7899
7899
7899
7899
7899
7899
7899
7899
7899
7899
7898
7898
7898
7898
7898
7898
7898
7898
7898
7898
7898
7897
7897
7897
7897
7897
7897
7897
7897
7897
7897
7897
7896
7896
7896
7896
7896
7896
7896
7896
7896
7896
7896
7895
7895
7895
7895
7895
7895
7895
7895
7895
7895
7895
7894
7894
7894
7894
7894
7894
7894
7894
7894
7894
7893
7893
7893
7893
7893
7893
7893
7893
7893
7893
7893
7892
7892
7892
7892
7892
7892
7892
7892
7892
7892
7892
7891
7891
7891
7891
7891
7891
7891
7891
7891
7891
7891
7890
7890
7890
7890
7890
7890
7890
7890
7890
7890
7889
7889
7889
7889
7889
7889
7889
7889
7889
7889
7889
7888
7888
7888
7888
7888
7888
7888
7888
7888
7888
7888
7887
7887
7887
7887
7887
7887
7887
7887
7887
7887
7887
7886
7886
7886
7886
7886
7886
7886
7886
7886
7886
7885
7885
7885
7885
7885
7885
7885
7885
7885
7885
7885
7884
7884
7884
7884
7884
7884
7884
7884
7884
7884
7884
7883
7883
7883
7883
7883
7883
7883
7883
7883
7883
7882
7882
7882
7882
7882
7882
7882
7882
7882
7882
7882
7881
7881
7881
7881
7881
7881
7881
7881
7881
7881
7880
7880
7880
7880
7880
7880
7880
7880
7880
7880
7880
7879
7879
7879
7879
7879
7879
7879
7879
7879
7879
7878
7878
7878
7878
7878
7878
7878
7878
7878
7878
7878
7877
7877
7877
7877
7877
7877
7877
7877
7877
7877
7876
7876
7876
7876
7876
7876
7876
7876
7876
7876
7876
7875
7875
7875
7875
7875
7875
7875
7875
7875
7875
7874
7874
7874
7874
7874
7874
7874
7874
7874
7874
7874
7873
7873
7873
7873
7873
7873
7873
7873
7873
7873
7872
7872
7872
7872
7872
7872
7872
7872
7872
7872
7872
7871
7871
7871
7871
7871
7871
7871
7871
7871
7871
7870
7870
7870
7870
7870
7870
7870
7870
7870
7870
7870
7869
7869
7869
7869
7869
7869
7869
7869
7869
7869
7868
7868
7868
7868
7868
7868
7868
7868
7868
7868
7867
7867
7867
7867
7867
7867
7867
7867
7867
7867
7867
7866
7866
7866
7866
7866
7866
7866
7866
7866
7866
7865
7865
7865
7865
7865
7865
7865
7865
7865
7865
7864
7864
7864
7864
7864
7864
7864
7864
7864
7864
7864
7863
7863
7863
7863
7863
7863
7863
7863
7863
7863
7862
7862
7862
7862
7862
7862
7862
7862
7862
7862
7861
7861
7861
7861
7861
7861
7861
7861
7861
7861
7860
7860
7860
7860
7860
7860
7860
7860
7860
7860
7860
7859
7859
7859
7859
7859
7859
7859
7859
7859
7859
7858
7858
7858
7858
7858
7858
7858
7858
7858
7858
7857
7857
7857
7857
7857
7857
7857
7857
7857
7857
7856
7856
7856
7856
7856
7856
7856
7856
7856
7856
7856
7855
7855
7855
7855
7855
7855
7855
7855
7855
7855
7854
7854
7854
7854
7854
7854
7854
7854
7854
7854
7853
7853
7853
7853
7853
7853
7853
7853
7853
7853
7852
7852
7852
7852
7852
7852
7852
7852
7852
7852
7851
7851
7851
7851
7851
7851
7851
7851
7851
7851
7850
7850
7850
7850
7850
7850
7850
7850
7850
7850
7849
7849
7849
7849
7849
7849
7849
7849
7849
7849
7848
7848
7848
7848
7848
7848
7848
7848
7848
7848
7848
7847
7847
7847
7847
7847
7847
7847
7847
7847
7847
7846
7846
7846
7846
7846
7846
7846
7846
7846
7846
7845
7845
7845
7845
7845
7845
7845
7845
7845
7845
7844
7844
7844
7844
7844
7844
7844
7844
7844
7844
7843
7843
7843
7843
7843
7843
7843
7843
7843
7843
7842
7842
7842
7842
7842
7842
7842
7842
7842
7842
7841
7841
7841
7841
7841
7841
7841
7841
7841
7841
7840
7840
7840
7840
7840
7840
7840
7840
7840
7840
7839
7839
7839
7839
7839
7839
7839
7839
7839
7839
7838
7838
7838
7838
7838
7838
7838
7838
7838
7837
7837
7837
7837
7837
7837
7837
7837
7837
7837
7836
7836
7836
7836
7836
7836
7836
7836
7836
7836
7835
7835
7835
7835
7835
7835
7835
7835
7835
7835
7834
7834
7834
7834
7834
7834
7834
7834
7834
7834
7833
7833
7833
7833
7833
7833
7833
7833
7833
7833
7832
7832
7832
7832
7832
7832
7832
7832
7832
7832
7831
7831
7831
7831
7831
7831
7831
7831
7831
7831
7830
7830
7830
7830
7830
7830
7830
7830
7830
7829
7829
7829
7829
7829
7829
7829
7829
7829
7829
7828
7828
7828
7828
7828
7828
7828
7828
7828
7828
7827
7827
7827
7827
7827
7827
7827
7827
7827
7827
7826
7826
7826
7826
7826
7826
7826
7826
7826
7826
7825
7825
7825
7825
7825
7825
7825
7825
7825
7824
7824
7824
7824
7824
7824
7824
7824
7824
7824
7823
7823
7823
7823
7823
7823
7823
7823
7823
7823
7822
7822
7822
7822
7822
7822
7822
7822
7822
7822
7821
7821
7821
7821
7821
7821
7821
7821
7821
7820
7820
7820
7820
7820
7820
7820
7820
7820
7820
7819
7819
7819
7819
7819
7819
7819
7819
7819
7819
7818
7818
7818
7818
7818
7818
7818
7818
7818
7817
7817
7817
7817
7817
7817
7817
7817
7817
7817
7816
7816
7816
7816
7816
7816
7816
7816
7816
7816
7815
7815
7815
7815
7815
7815
7815
7815
7815
7814
7814
7814
7814
7814
7814
7814
7814
7814
7814
7813
7813
7813
7813
7813
7813
7813
7813
7813
7813
7812
7812
7812
7812
7812
7812
7812
7812
7812
7811
7811
7811
7811
7811
7811
7811
7811
7811
7811
7810
7810
7810
7810
7810
7810
7810
7810
7810
7809
7809
7809
7809
7809
7809
7809
7809
7809
7809
7808
7808
7808
7808
7808
7808
7808
7808
7808
7807
7807
7807
7807
7807
7807
7807
7807
7807
7807
7806
7806
7806
7806
7806
7806
7806
7806
7806
7806
7805
7805
7805
7805
7805
7805
7805
7805
7805
7804
7804
7804
7804
7804
7804
7804
7804
7804
7804
7803
7803
7803
7803
7803
7803
7803
7803
7803
7802
7802
7802
7802
7802
7802
7802
7802
7802
7802
7801
7801
7801
7801
7801
7801
7801
7801
7801
7800
7800
7800
7800
7800
7800
7800
7800
7800
7799
7799
7799
7799
7799
7799
7799
7799
7799
7799
7798
7798
7798
7798
7798
7798
7798
7798
7798
7797
7797
7797
7797
7797
7797
7797
7797
7797
7797
7796
7796
7796
7796
7796
7796
7796
7796
7796
7795
7795
7795
7795
7795
7795
7795
7795
7795
7795
7794
7794
7794
7794
7794
7794
7794
7794
7794
7793
7793
7793
7793
7793
7793
7793
7793
7793
7792
7792
7792
7792
7792
7792
7792
7792
7792
7792
7791
7791
7791
7791
7791
7791
7791
7791
7791
7790
7790
7790
7790
7790
7790
7790
7790
7790
7789
7789
7789
7789
7789
7789
7789
7789
7789
7789
7788
7788
7788
7788
7788
7788
7788
7788
7788
7787
7787
7787
7787
7787
7787
7787
7787
7787
7786
7786
7786
7786
7786
7786
7786
7786
7786
7786
7785
7785
7785
7785
7785
7785
7785
7785
7785
7784
7784
7784
7784
7784
7784
7784
7784
7784
7783
7783
7783
7783
7783
7783
7783
7783
7783
7782
7782
7782
7782
7782
7782
7782
7782
7782
7782
7781
7781
7781
7781
7781
7781
7781
7781
7781
7780
7780
7780
7780
7780
7780
7780
7780
7780
7779
7779
7779
7779
7779
7779
7779
7779
7779
7778
7778
7778
7778
7778
7778
7778
7778
7778
7778
7777
7777
7777
7777
7777
7777
7777
7777
7777
7776
7776
7776
7776
7776
7776
7776
7776
7776
7775
7775
7775
7775
7775
7775
7775
7775
7775
7774
7774
7774
7774
7774
7774
7774
7774
7774
7773
7773
7773
7773
7773
7773
7773
7773
7773
7773
7772
7772
7772
7772
7772
7772
7772
7772
7772
7771
7771
7771
7771
7771
7771
7771
7771
7771
7770
7770
7770
7770
7770
7770
7770
7770
7770
7769
7769
7769
7769
7769
7769
7769
7769
7769
7768
7768
7768
7768
7768
7768
7768
7768
7768
7767
7767
7767
7767
7767
7767
7767
7767
7767
7766
7766
7766
7766
7766
7766
7766
7766
7766
7765
7765
7765
7765
7765
7765
7765
7765
7765
7764
7764
7764
7764
7764
7764
7764
7764
7764
7764
7763
7763
7763
7763
7763
7763
7763
7763
7763
7762
7762
7762
7762
7762
7762
7762
7762
7762
7761
7761
7761
7761
7761
7761
7761
7761
7761
7760
7760
7760
7760
7760
7760
7760
7760
7760
7759
7759
7759
7759
7759
7759
7759
7759
7759
7758
7758
7758
7758
7758
7758
7758
7758
7758
7757
7757
7757
7757
7757
7757
7757
7757
7757
7756
7756
7756
7756
7756
7756
7756
7756
7756
7755
7755
7755
7755
7755
7755
7755
7755
7755
7754
7754
7754
7754
7754
7754
7754
7754
7754
7753
7753
7753
7753
7753
7753
7753
7753
7753
7752
7752
7752
7752
7752
7752
7752
7752
7752
7751
7751
7751
7751
7751
7751
7751
7751
7750
7750
7750
7750
7750
7750
7750
7750
7750
7749
7749
7749
7749
7749
7749
7749
7749
7749
7748
7748
7748
7748
7748
7748
7748
7748
7748
7747
7747
7747
7747
7747
7747
7747
7747
7747
7746
7746
7746
7746
7746
7746
7746
7746
7746
7745
7745
7745
7745
7745
7745
7745
7745
7745
7744
7744
7744
7744
7744
7744
7744
7744
7744
7743
7743
7743
7743
7743
7743
7743
7743
7743
7742
7742
7742
7742
7742
7742
7742
7742
7741
7741
7741
7741
7741
7741
7741
7741
7741
7740
7740
7740
7740
7740
7740
7740
7740
7740
7739
7739
7739
7739
7739
7739
7739
7739
7739
7738
7738
7738
7738
7738
7738
7738
7738
7738
7737
7737
7737
7737
7737
7737
7737
7737
7737
7736
7736
7736
7736
7736
7736
7736
7736
7735
7735
7735
7735
7735
7735
7735
7735
7735
7734
7734
7734
7734
7734
7734
7734
7734
7734
7733
7733
7733
7733
7733
7733
7733
7733
7733
7732
7732
7732
7732
7732
7732
7732
7732
7731
7731
7731
7731
7731
7731
7731
7731
7731
7730
7730
7730
7730
7730
7730
7730
7730
7730
7729
7729
7729
7729
7729
7729
7729
7729
7729
7728
7728
7728
7728
7728
7728
7728
7728
7727
7727
7727
7727
7727
7727
7727
7727
7727
7726
7726
7726
7726
7726
7726
7726
7726
7726
7725
7725
7725
7725
7725
7725
7725
7725
7725
7724
7724
7724
7724
7724
7724
7724
7724
7723
7723
7723
7723
7723
7723
7723
7723
7723
7722
7722
7722
7722
7722
7722
7722
7722
7722
7721
7721
7721
7721
7721
7721
7721
7721
7720
7720
7720
7720
7720
7720
7720
7720
7720
7719
7719
7719
7719
7719
7719
7719
7719
7719
7718
7718
7718
7718
7718
7718
7718
7718
7717
7717
7717
7717
7717
7717
7717
7717
7717
7716
7716
7716
7716
7716
7716
7716
7716
7715
7715
7715
7715
7715
7715
7715
7715
7715
7714
7714
7714
7714
7714
7714
7714
7714
7714
7713
7713
7713
7713
7713
7713
7713
7713
7712
7712
7712
7712
7712
7712
7712
7712
7712
7711
7711
7711
7711
7711
7711
7711
7711
7710
7710
7710
7710
7710
7710
7710
7710
7710
7709
7709
7709
7709
7709
7709
7709
7709
7708
7708
7708
7708
7708
7708
7708
7708
7708
7707
7707
7707
7707
7707
7707
7707
7707
7707
7706
7706
7706
7706
7706
7706
7706
7706
7705
7705
7705
7705
7705
7705
7705
7705
7705
7704
7704
7704
7704
7704
7704
7704
7704
7703
7703
7703
7703
7703
