0
0
0
0
0
0
0
0
0
0
0
0
0
0
0
0
0
0
0
0
0
0
0
0
0
0
0
0
0
0
0
0
0
0
0
0
0
0
0
0
0
0
0
0
0
0
0
0
0
0
0
0
0
0
0
0
0
0
0
0
0
0
0
0
0
0
0
0
0
0
0
0
0
0
0
0
0
0
0
0
0
0
0
0
0
0
0
0
0
0
0
0
0
0
0
0
0
0
0
0
0
0
0
0
0
0
0
0
0
0
0
0
0
0
0
0
0
0
0
0
0
0
0
0
0
0
0
0
0
0
0
0
0
0
0
0
0
0
0
0
0
0
0
0
0
0
0
0
0
0
0
0
0
0
0
0
0
0
0
0
0
0
0
0
0
0
0
0
0
0
0
0
0
0
0
0
0
0
0
0
0
0
0
0
0
0
0
0
0
0
0
0
0
0
0
0
0
0
0
0
0
0
0
0
0
0
0
0
0
0
0
0
0
0
0
0
0
0
0
0
0
0
0
0
0
0
0
0
0
0
0
0
0
0
0
0
0
0
0
0
0
0
0
0
0
0
0
0
0
0
0
0
0
0
0
0
1
1
1
1
1
1
1
1
1
1
1
1
1
1
1
1
1
1
1
1
1
1
1
1
1
1
1
1
1
1
1
1
1
1
1
1
1
1
1
1
1
1
1
1
1
1
1
1
1
1
1
1
1
1
1
1
1
1
1
1
1
1
1
1
1
1
1
1
1
1
1
1
1
1
1
1
1
1
1
1
1
1
1
1
1
1
1
1
1
1
1
1
1
1
1
1
1
1
1
1
1
1
1
1
1
1
1
1
1
1
1
1
1
2
2
2
2
2
2
2
2
2
2
2
2
2
2
2
2
2
2
2
2
2
2
2
2
2
2
2
2
2
2
2
2
2
2
2
2
2
2
2
2
2
2
2
2
2
2
2
2
2
2
2
2
2
2
2
2
2
2
2
2
2
2
2
2
2
2
2
2
2
3
3
3
3
3
3
3
3
3
3
3
3
3
3
3
3
3
3
3
3
3
3
3
3
3
3
3
3
3
3
3
3
3
3
3
3
3
3
3
3
3
3
3
3
3
3
3
3
3
3
3
3
4
4
4
4
4
4
4
4
4
4
4
4
4
4
4
4
4
4
4
4
4
4
4
4
4
4
4
4
4
4
4
4
4
4
4
4
4
4
4
4
4
4
4
5
5
5
5
5
5
5
5
5
5
5
5
5
5
5
5
5
5
5
5
5
5
5
5
5
5
5
5
5
5
5
5
5
5
5
5
6
6
6
6
6
6
6
6
6
6
6
6
6
6
6
6
6
6
6
6
6
6
6
6
6
6
6
6
6
6
6
6
6
7
7
7
7
7
7
7
7
7
7
7
7
7
7
7
7
7
7
7
7
7
7
7
7
7
7
7
7
7
8
8
8
8
8
8
8
8
8
8
8
8
8
8
8
8
8
8
8
8
8
8
8
8
8
8
8
9
9
9
9
9
9
9
9
9
9
9
9
9
9
9
9
9
9
9
9
9
9
9
9
9
10
10
10
10
10
10
10
10
10
10
10
10
10
10
10
10
10
10
10
10
10
10
10
11
11
11
11
11
11
11
11
11
11
11
11
11
11
11
11
11
11
11
11
11
11
12
12
12
12
12
12
12
12
12
12
12
12
12
12
12
12
12
12
12
12
12
13
13
13
13
13
13
13
13
13
13
13
13
13
13
13
13
13
13
13
14
14
14
14
14
14
14
14
14
14
14
14
14
14
14
14
14
14
14
15
15
15
15
15
15
15
15
15
15
15
15
15
15
15
15
15
16
16
16
16
16
16
16
16
16
16
16
16
16
16
16
16
16
17
17
17
17
17
17
17
17
17
17
17
17
17
17
17
17
18
18
18
18
18
18
18
18
18
18
18
18
18
18
18
18
19
19
19
19
19
19
19
19
19
19
19
19
19
19
19
20
20
20
20
20
20
20
20
20
20
20
20
20
20
20
21
21
21
21
21
21
21
21
21
21
21
21
21
21
22
22
22
22
22
22
22
22
22
22
22
22
22
22
23
23
23
23
23
23
23
23
23
23
23
23
23
24
24
24
24
24
24
24
24
24
24
24
24
24
25
25
25
25
25
25
25
25
25
25
25
25
26
26
26
26
26
26
26
26
26
26
26
26
26
27
27
27
27
27
27
27
27
27
27
27
27
28
28
28
28
28
28
28
28
28
28
28
29
29
29
29
29
29
29
29
29
29
29
29
30
30
30
30
30
30
30
30
30
30
30
31
31
31
31
31
31
31
31
31
31
31
32
32
32
32
32
32
32
32
32
32
33
33
33
33
33
33
33
33
33
33
33
34
34
34
34
34
34
34
34
34
34
35
35
35
35
35
35
35
35
35
35
36
36
36
36
36
36
36
36
36
36
37
37
37
37
37
37
37
37
37
37
38
38
38
38
38
38
38
38
38
39
39
39
39
39
39
39
39
39
40
40
40
40
40
40
40
40
40
40
41
41
41
41
41
41
41
41
41
42
42
42
42
42
42
42
42
42
43
43
43
43
43
43
43
43
44
44
44
44
44
44
44
44
44
45
45
45
45
45
45
45
45
46
46
46
46
46
46
46
46
46
47
47
47
47
47
47
47
47
48
48
48
48
48
48
48
48
49
49
49
49
49
49
49
49
50
50
50
50
50
50
50
50
51
51
51
51
51
51
51
51
52
52
52
52
52
52
52
52
53
53
53
53
53
53
53
54
54
54
54
54
54
54
54
55
55
55
55
55
55
55
56
56
56
56
56
56
56
56
57
57
57
57
57
57
57
58
58
58
58
58
58
58
59
59
59
59
59
59
59
60
60
60
60
60
60
60
61
61
61
61
61
61
61
62
62
62
62
62
62
62
63
63
63
63
63
63
63
64
64
64
64
64
64
64
65
65
65
65
65
65
66
66
66
66
66
66
66
67
67
67
67
67
67
68
68
68
68
68
68
68
69
69
69
69
69
69
70
70
70
70
70
70
71
71
71
71
71
71
71
72
72
72
72
72
72
73
73
73
73
73
73
74
74
74
74
74
74
75
75
75
75
75
75
76
76
76
76
76
76
77
77
77
77
77
77
78
78
78
78
78
78
79
79
79
79
79
79
80
80
80
80
80
80
81
81
81
81
81
82
82
82
82
82
82
83
83
83
83
83
83
84
84
84
84
84
85
85
85
85
85
85
86
86
86
86
86
87
87
87
87
87
87
88
88
88
88
88
89
89
89
89
89
89
90
90
90
90
90
91
91
91
91
91
92
92
92
92
92
92
93
93
93
93
93
94
94
94
94
94
95
95
95
95
95
96
96
96
96
96
97
97
97
97
97
97
98
98
98
98
98
99
99
99
99
99
100
100
100
100
100
101
101
101
101
101
102
102
102
102
103
103
103
103
103
104
104
104
104
104
105
105
105
105
105
106
106
106
106
106
107
107
107
107
107
108
108
108
108
109
109
109
109
109
110
110
110
110
110
111
111
111
111
112
112
112
112
112
113
113
113
113
113
114
114
114
114
115
115
115
115
115
116
116
116
116
117
117
117
117
117
118
118
118
118
119
119
119
119
119
120
120
120
120
121
121
121
121
121
122
122
122
122
123
123
123
123
124
124
124
124
124
125
125
125
125
126
126
126
126
127
127
127
127
128
128
128
128
128
129
129
129
129
130
130
130
130
131
131
131
131
132
132
132
132
133
133
133
133
134
134
134
134
134
135
135
135
135
136
136
136
136
137
137
137
137
138
138
138
138
139
139
139
139
140
140
140
140
141
141
141
141
142
142
142
142
143
143
143
143
144
144
144
144
145
145
145
146
146
146
146
147
147
147
147
148
148
148
148
149
149
149
149
150
150
150
150
151
151
151
152
152
152
152
153
153
153
153
154
154
154
154
155
155
155
156
156
156
156
157
157
157
157
158
158
158
158
159
159
159
160
160
160
160
161
161
161
162
162
162
162
163
163
163
163
164
164
164
165
165
165
165
166
166
166
167
167
167
167
168
168
168
169
169
169
169
170
170
170
170
171
171
171
172
172
172
173
173
173
173
174
174
174
175
175
175
175
176
176
176
177
177
177
177
178
178
178
179
179
179
180
180
180
180
181
181
181
182
182
182
182
183
183
183
184
184
184
185
185
185
186
186
186
186
187
187
187
188
188
188
189
189
189
189
190
190
190
191
191
191
192
192
192
193
193
193
193
194
194
194
195
195
195
196
196
196
197
197
197
198
198
198
199
199
199
199
200
200
200
201
201
201
202
202
202
203
203
203
204
204
204
205
205
205
206
206
206
207
207
207
207
208
208
208
209
209
209
210
210
210
211
211
211
212
212
212
213
213
213
214
214
214
215
215
215
216
216
216
217
217
217
218
218
218
219
219
219
220
220
220
221
221
221
222
222
223
223
223
224
224
224
225
225
225
226
226
226
227
227
227
228
228
228
229
229
229
230
230
230
231
231
232
232
232
233
233
233
234
234
234
235
235
235
236
236
236
237
237
238
238
238
239
239
239
240
240
240
241
241
241
242
242
243
243
243
244
244
244
245
245
245
246
246
247
247
247
248
248
248
249
249
249
250
250
251
251
251
252
252
252
253
253
254
254
254
255
255
255
256
256
257
257
257
258
258
258
259
259
260
260
260
261
261
261
262
262
263
263
263
264
264
265
265
265
266
266
266
267
267
268
268
268
269
269
270
270
270
271
271
271
272
272
273
273
273
274
274
275
275
275
276
276
277
277
277
278
278
279
279
279
280
280
281
281
281
282
282
283
283
283
284
284
285
285
285
286
286
287
287
287
288
288
289
289
289
290
290
291
291
291
292
292
293
293
294
294
294
295
295
296
296
296
297
297
298
298
298
299
299
300
300
301
301
301
302
302
303
303
303
304
304
305
305
306
306
306
307
307
308
308
309
309
309
310
310
311
311
312
312
312
313
313
314
314
315
315
315
316
316
317
317
318
318
318
319
319
320
320
321
321
321
322
322
323
323
324
324
325
325
325
326
326
327
327
328
328
328
329
329
330
330
331
331
332
332
332
333
333
334
334
335
335
336
336
337
337
337
338
338
339
339
340
340
341
341
342
342
342
343
343
344
344
345
345
346
346
347
347
347
348
348
349
349
350
350
351
351
352
352
353
353
353
354
354
355
355
356
356
357
357
358
358
359
359
360
360
360
361
361
362
362
363
363
364
364
365
365
366
366
367
367
368
368
369
369
370
370
370
371
371
372
372
373
373
374
374
375
375
376
376
377
377
378
378
379
379
380
380
381
381
382
382
383
383
384
384
385
385
386
386
387
387
388
388
389
389
389
390
390
391
391
392
392
393
393
394
394
395
395
396
396
397
397
398
398
399
399
400
401
401
402
402
403
403
404
404
405
405
406
406
407
407
408
408
409
409
410
410
411
411
412
412
413
413
414
414
415
415
416
416
417
417
418
418
419
419
420
421
421
422
422
423
423
424
424
425
425
426
426
427
427
428
428
429
429
430
431
431
432
432
433
433
434
434
435
435
436
436
437
437
438
439
439
440
440
441
441
442
442
443
443
444
444
445
446
446
447
447
448
448
449
449
450
450
451
452
452
453
453
454
454
455
455
456
457
457
458
458
459
459
460
460
461
461
462
463
463
464
464
465
465
466
466
467
468
468
469
469
470
470
471
472
472
473
473
474
474
475
476
476
477
477
478
478
479
479
480
481
481
482
482
483
483
484
485
485
486
486
487
488
488
489
489
490
490
491
492
492
493
493
494
494
495
496
496
497
497
498
499
499
500
500
501
501
502
503
503
504
504
505
506
506
507
507
508
509
509
510
510
511
512
512
513
513
514
514
515
516
516
517
517
518
519
519
520
520
521
522
522
523
524
524
525
525
526
527
527
528
528
529
530
530
531
531
532
533
533
534
534
535
536
536
537
538
538
539
539
540
541
541
542
542
543
544
544
545
546
546
547
547
548
549
549
550
551
551
552
552
553
554
554
555
556
556
557
557
558
559
559
560
561
561
562
562
563
564
564
565
566
566
567
568
568
569
569
570
571
571
572
573
573
574
575
575
576
577
577
578
578
579
580
580
581
582
582
583
584
584
585
586
586
587
588
588
589
590
590
591
592
592
593
593
594
595
595
596
597
597
598
599
599
600
601
601
602
603
603
604
605
605
606
607
607
608
609
609
610
611
611
612
613
613
614
615
615
616
617
617
618
619
619
620
621
621
622
623
624
624
625
626
626
627
628
628
629
630
630
631
632
632
633
634
634
635
636
637
637
638
639
639
640
641
641
642
643
643
644
645
645
646
647
648
648
649
650
650
651
652
652
653
654
655
655
656
657
657
658
659
659
660
661
662
662
663
664
664
665
666
667
667
668
669
669
670
671
672
672
673
674
674
675
676
677
677
678
679
679
680
681
682
682
683
684
684
685
686
687
687
688
689
690
690
691
692
692
693
694
695
695
696
697
698
698
699
700
700
701
702
703
703
704
705
706
706
707
708
709
709
710
711
712
712
713
714
715
715
716
717
717
718
719
720
720
721
722
723
723
724
725
726
726
727
728
729
729
730
731
732
733
733
734
735
736
736
737
738
739
739
740
741
742
742
743
744
745
745
746
747
748
748
749
750
751
752
752
753
754
755
755
756
757
758
759
759
760
761
762
762
763
764
765
765
766
767
768
769
769
770
771
772
773
773
774
775
776
776
777
778
779
780
780
781
782
783
784
784
785
786
787
787
788
789
790
791
791
792
793
794
795
795
796
797
798
799
799
800
801
802
803
803
804
805
806
807
807
808
809
810
811
812
812
813
814
815
816
816
817
818
819
820
820
821
822
823
824
825
825
826
827
828
829
829
830
831
832
833
834
834
835
836
837
838
839
839
840
841
842
843
843
844
845
846
847
848
848
849
850
851
852
853
853
854
855
856
857
858
859
859
860
861
862
863
864
864
865
866
867
868
869
869
870
871
872
873
874
875
875
876
877
878
879
880
881
881
882
883
884
885
886
887
887
888
889
890
891
892
893
893
894
895
896
897
898
899
899
900
901
902
903
904
905
906
906
907
908
909
910
911
912
913
913
914
915
916
917
918
919
920
920
921
922
923
924
925
926
927
928
928
929
930
931
932
933
934
935
935
936
937
938
939
940
941
942
943
944
944
945
946
947
948
949
950
951
952
953
953
954
955
956
957
958
959
960
961
962
962
963
964
965
966
967
968
969
970
971
972
972
973
974
975
976
977
978
979
980
981
982
983
983
984
985
986
987
988
989
990
991
992
993
994
995
995
996
997
998
999
1000
1001
1002
1003
1004
1005
1006
1007
1008
1008
1009
1010
1011
1012
1013
1014
1015
1016
1017
1018
1019
1020
1021
1022
1023
1024
1024
1025
1026
1027
1028
1029
1030
1031
1032
1033
1034
1035
1036
1037
1038
1039
1040
1041
1042
1043
1043
1044
1045
1046
1047
1048
1049
1050
1051
1052
1053
1054
1055
1056
1057
1058
1059
1060
1061
1062
1063
1064
1065
1066
1067
1068
1069
1070
1071
1071
1072
1073
1074
1075
1076
1077
1078
1079
1080
1081
1082
1083
1084
1085
1086
1087
1088
1089
1090
1091
1092
1093
1094
1095
1096
1097
1098
1099
1100
1101
1102
1103
1104
1105
1106
1107
1108
1109
1110
1111
1112
1113
1114
1115
1116
1117
1118
1119
1120
1121
1122
1123
1124
1125
1126
1127
1128
1129
1130
1131
1132
1133
1134
1135
1136
1137
1138
1139
1140
1141
1142
1143
1144
1145
1146
1147
1148
1149
1150
1151
1152
1153
1154
1155
1156
1157
1158
1160
1161
1162
1163
1164
1165
1166
1167
1168
1169
1170
1171
1172
1173
1174
1175
1176
1177
1178
1179
1180
1181
1182
1183
1184
1185
1186
1187
1188
1190
1191
1192
1193
1194
1195
1196
1197
1198
1199
1200
1201
1202
1203
1204
1205
1206
1207
1208
1209
1211
1212
1213
1214
1215
1216
1217
1218
1219
1220
1221
1222
1223
1224
1225
1226
1228
1229
1230
1231
1232
1233
1234
1235
1236
1237
1238
1239
1240
1241
1243
1244
1245
1246
1247
1248
1249
1250
1251
1252
1253
1254
1255
1257
1258
1259
1260
1261
1262
1263
1264
1265
1266
1267
1268
1270
1271
1272
1273
1274
1275
1276
1277
1278
1279
1281
1282
1283
1284
1285
1286
1287
1288
1289
1290
1292
1293
1294
1295
1296
1297
1298
1299
1300
1301
1303
1304
1305
1306
1307
1308
1309
1310
1311
1313
1314
1315
1316
1317
1318
1319
1320
1322
1323
1324
1325
1326
1327
1328
1329
1331
1332
1333
1334
1335
1336
1337
1338
1340
1341
1342
1343
1344
1345
1346
1347
1349
1350
1351
1352
1353
1354
1355
1357
1358
1359
1360
1361
1362
1363
1365
1366
1367
1368
1369
1370
1371
1373
1374
1375
1376
1377
1378
1379
1381
1382
1383
1384
1385
1386
1388
1389
1390
1391
1392
1393
1395
1396
1397
1398
1399
1400
1401
1403
1404
1405
1406
1407
1408
1410
1411
1412
1413
1414
1416
1417
1418
1419
1420
1421
1423
1424
1425
1426
1427
1428
1430
1431
1432
1433
1434
1436
1437
1438
1439
1440
1441
1443
1444
1445
1446
1447
1449
1450
1451
1452
1453
1455
1456
1457
1458
1459
1461
1462
1463
1464
1465
1467
1468
1469
1470
1471
1473
1474
1475
1476
1477
1479
1480
1481
1482
1483
1485
1486
1487
1488
1489
1491
1492
1493
1494
1496
1497
1498
1499
1500
1502
1503
1504
1505
1507
1508
1509
1510
1511
1513
1514
1515
1516
1518
1519
1520
1521
1522
1524
1525
1526
1527
1529
1530
1531
1532
1534
1535
1536
1537
1539
1540
1541
1542
1543
1545
1546
1547
1548
1550
1551
1552
1553
1555
1556
1557
1558
1560
1561
1562
1563
1565
1566
1567
1568
1570
1571
1572
1573
1575
1576
1577
1579
1580
1581
1582
1584
1585
1586
1587
1589
1590
1591
1592
1594
1595
1596
1598
1599
1600
1601
1603
1604
1605
1606
1608
1609
1610
1612
1613
1614
1615
1617
1618
1619
1621
1622
1623
1624
1626
1627
1628
1630
1631
1632
1633
1635
1636
1637
1639
1640
1641
1642
1644
1645
1646
1648
1649
1650
1652
1653
1654
1655
1657
1658
1659
1661
1662
1663
1665
1666
1667
1668
1670
1671
1672
1674
1675
1676
1678
1679
1680
1682
1683
1684
1686
1687
1688
1689
1691
1692
1693
1695
1696
1697
1699
1700
1701
1703
1704
1705
1707
1708
1709
1711
1712
1713
1715
1716
1717
1719
1720
1721
1723
1724
1725
1727
1728
1729
1731
1732
1733
1735
1736
1737
1739
1740
1741
1743
1744
1746
1747
1748
1750
1751
1752
1754
1755
1756
1758
1759
1760
1762
1763
1764
1766
1767
1769
1770
1771
1773
1774
1775
1777
1778
1779
1781
1782
1784
1785
1786
1788
1789
1790
1792
1793
1794
1796
1797
1799
1800
1801
1803
1804
1806
1807
1808
1810
1811
1812
1814
1815
1817
1818
1819
1821
1822
1823
1825
1826
1828
1829
1830
1832
1833
1835
1836
1837
1839
1840
1842
1843
1844
1846
1847
1849
1850
1851
1853
1854
1856
1857
1858
1860
1861
1863
1864
1865
1867
1868
1870
1871
1873
1874
1875
1877
1878
1880
1881
1882
1884
1885
1887
1888
1890
1891
1892
1894
1895
1897
1898
1899
1901
1902
1904
1905
1907
1908
1909
1911
1912
1914
1915
1917
1918
1920
1921
1922
1924
1925
1927
1928
1930
1931
1932
1934
1935
1937
1938
1940
1941
1943
1944
1946
1947
1948
1950
1951
1953
1954
1956
1957
1959
1960
1961
1963
1964
1966
1967
1969
1970
1972
1973
1975
1976
1978
1979
1981
1982
1983
1985
1986
1988
1989
1991
1992
1994
1995
1997
1998
2000
2001
2003
2004
2006
2007
2009
2010
2011
2013
2014
2016
2017
2019
2020
2022
2023
2025
2026
2028
2029
2031
2032
2034
2035
2037
2038
2040
2041
2043
2044
2046
2047
2049
2050
2052
2053
2055
2056
2058
2059
2061
2062
2064
2065
2067
2068
2070
2071
2073
2074
2076
2077
2079
2080
2082
2083
2085
2086
2088
2090
2091
2093
2094
2096
2097
2099
2100
2102
2103
2105
2106
2108
2109
2111
2112
2114
2115
2117
2119
2120
2122
2123
2125
2126
2128
2129
2131
2132
2134
2135
2137
2139
2140
2142
2143
2145
2146
2148
2149
2151
2152
2154
2156
2157
2159
2160
2162
2163
2165
2166
2168
2170
2171
2173
2174
2176
2177
2179
2180
2182
2184
2185
2187
2188
2190
2191
2193
2195
2196
2198
2199
2201
2202
2204
2206
2207
2209
2210
2212
2213
2215
2217
2218
2220
2221
2223
2224
2226
2228
2229
2231
2232
2234
2235
2237
2239
2240
2242
2243
2245
2247
2248
2250
2251
2253
2255
2256
2258
2259
2261
2263
2264
2266
2267
2269
2271
2272
2274
2275
2277
2279
2280
2282
2283
2285
2287
2288
2290
2291
2293
2295
2296
2298
2299
2301
2303
2304
2306
2307
2309
2311
2312
2314
2316
2317
2319
2320
2322
2324
2325
2327
2329
2330
2332
2333
2335
2337
2338
2340
2342
2343
2345
2346
2348
2350
2351
2353
2355
2356
2358
2359
2361
2363
2364
2366
2368
2369
2371
2373
2374
2376
2378
2379
2381
2382
2384
2386
2387
2389
2391
2392
2394
2396
2397
2399
2401
2402
2404
2405
2407
2409
2410
2412
2414
2415
2417
2419
2420
2422
2424
2425
2427
2429
2430
2432
2434
2435
2437
2439
2440
2442
2444
2445
2447
2449
2450
2452
2454
2455
2457
2459
2460
2462
2464
2465
2467
2469
2470
2472
2474
2475
2477
2479
2480
2482
2484
2485
2487
2489
2491
2492
2494
2496
2497
2499
2501
2502
2504
2506
2507
2509
2511
2512
2514
2516
2518
2519
2521
2523
2524
2526
2528
2529
2531
2533
2534
2536
2538
2540
2541
2543
2545
2546
2548
2550
2551
2553
2555
2557
2558
2560
2562
2563
2565
2567
2569
2570
2572
2574
2575
2577
2579
2581
2582
2584
2586
2587
2589
2591
2593
2594
2596
2598
2599
2601
2603
2605
2606
2608
2610
2611
2613
2615
2617
2618
2620
2622
2624
2625
2627
2629
2630
2632
2634
2636
2637
2639
2641
2643
2644
2646
2648
2649
2651
2653
2655
2656
2658
2660
2662
2663
2665
2667
2669
2670
2672
2674
2676
2677
2679
2681
2683
2684
2686
2688
2690
2691
2693
2695
2696
2698
2700
2702
2703
2705
2707
2709
2711
2712
2714
2716
2718
2719
2721
2723
2725
2726
2728
2730
2732
2733
2735
2737
2739
2740
2742
2744
2746
2747
2749
2751
2753
2754
2756
2758
2760
2762
2763
2765
2767
2769
2770
2772
2774
2776
2777
2779
2781
2783
2785
2786
2788
2790
2792
2793
2795
2797
2799
2801
2802
2804
2806
2808
2809
2811
2813
2815
2817
2818
2820
2822
2824
2826
2827
2829
2831
2833
2834
2836
2838
2840
2842
2843
2845
2847
2849
2851
2852
2854
2856
2858
2860
2861
2863
2865
2867
2868
2870
2872
2874
2876
2877
2879
2881
2883
2885
2886
2888
2890
2892
2894
2895
2897
2899
2901
2903
2905
2906
2908
2910
2912
2914
2915
2917
2919
2921
2923
2924
2926
2928
2930
2932
2933
2935
2937
2939
2941
2943
2944
2946
2948
2950
2952
2953
2955
2957
2959
2961
2963
2964
2966
2968
2970
2972
2973
2975
2977
2979
2981
2983
2984
2986
2988
2990
2992
2994
2995
2997
2999
3001
3003
3005
3006
3008
3010
3012
3014
3015
3017
3019
3021
3023
3025
3027
3028
3030
3032
3034
3036
3038
3039
3041
3043
3045
3047
3049
3050
3052
3054
3056
3058
3060
3061
3063
3065
3067
3069
3071
3073
3074
3076
3078
3080
3082
3084
3085
3087
3089
3091
3093
3095
3097
3098
3100
3102
3104
3106
3108
3110
3111
3113
3115
3117
3119
3121
3122
3124
3126
3128
3130
3132
3134
3135
3137
3139
3141
3143
3145
3147
3149
3150
3152
3154
3156
3158
3160
3162
3163
3165
3167
3169
3171
3173
3175
3176
3178
3180
3182
3184
3186
3188
3190
3191
3193
3195
3197
3199
3201
3203
3205
3206
3208
3210
3212
3214
3216
3218
3220
3221
3223
3225
3227
3229
3231
3233
3235
3236
3238
3240
3242
3244
3246
3248
3250
3251
3253
3255
3257
3259
3261
3263
3265
3267
3268
3270
3272
3274
3276
3278
3280
3282
3284
3285
3287
3289
3291
3293
3295
3297
3299
3301
3302
3304
3306
3308
3310
3312
3314
3316
3318
3319
3321
3323
3325
3327
3329
3331
3333
3335
3337
3338
3340
3342
3344
3346
3348
3350
3352
3354
3356
3357
3359
3361
3363
3365
3367
3369
3371
3373
3375
3376
3378
3380
3382
3384
3386
3388
3390
3392
3394
3396
3397
3399
3401
3403
3405
3407
3409
3411
3413
3415
3417
3418
3420
3422
3424
3426
3428
3430
3432
3434
3436
3438
3439
3441
3443
3445
3447
3449
3451
3453
3455
3457
3459
3461
3462
3464
3466
3468
3470
3472
3474
3476
3478
3480
3482
3484
3486
3487
3489
3491
3493
3495
3497
3499
3501
3503
3505
3507
3509
3511
3512
3514
3516
3518
3520
3522
3524
3526
3528
3530
3532
3534
3536
3538
3539
3541
3543
3545
3547
3549
3551
3553
3555
3557
3559
3561
3563
3565
3566
3568
3570
3572
3574
3576
3578
3580
3582
3584
3586
3588
3590
3592
3594
3596
3597
3599
3601
3603
3605
3607
3609
3611
3613
3615
3617
3619
3621
3623
3625
3627
3628
3630
3632
3634
3636
3638
3640
3642
3644
3646
3648
3650
3652
3654
3656
3658
3660
3662
3663
3665
3667
3669
3671
3673
3675
3677
3679
3681
3683
3685
3687
3689
3691
3693
3695
3697
3699
3700
3702
3704
3706
3708
3710
3712
3714
3716
3718
3720
3722
3724
3726
3728
3730
3732
3734
3736
3738
3740
3742
3743
3745
3747
3749
3751
3753
3755
3757
3759
3761
3763
3765
3767
3769
3771
3773
3775
3777
3779
3781
3783
3785
3787
3789
3790
3792
3794
3796
3798
3800
3802
3804
3806
3808
3810
3812
3814
3816
3818
3820
3822
3824
3826
3828
3830
3832
3834
3836
3838
3840
3842
3843
3845
3847
3849
3851
3853
3855
3857
3859
3861
3863
3865
3867
3869
3871
3873
3875
3877
3879
3881
3883
3885
3887
3889
3891
3893
3895
3897
3899
3901
3903
3905
3906
3908
3910
3912
3914
3916
3918
3920
3922
3924
3926
3928
3930
3932
3934
3936
3938
3940
3942
3944
3946
3948
3950
3952
3954
3956
3958
3960
3962
3964
3966
3968
3970
3972
3974
3976
3978
3980
3982
3984
3985
3987
3989
3991
3993
3995
3997
3999
4001
4003
4005
4007
4009
4011
4013
4015
4017
4019
4021
4023
4025
4027
4029
4031
4033
4035
4037
4039
4041
4043
4045
4047
4049
4051
4053
4055
4057
4059
4061
4063
4065
4067
4069
4071
4073
4075
4077
4079
4081
4083
4085
4087
4089
4091
4093
4095
4097
4098
4100
4102
4104
4106
4108
4110
4112
4114
4116
4118
4120
4122
4124
4126
4128
4130
4132
4134
4136
4138
4140
4142
4144
4146
4148
4150
4152
4154
4156
4158
4160
4162
4164
4166
4168
4170
4172
4174
4176
4178
4180
4182
4184
4186
4188
4190
4192
4194
4196
4198
4200
4202
4204
4206
4208
4210
4212
4214
4216
4218
4220
4222
4224
4226
4228
4230
4232
4234
4236
4238
4240
4242
4244
4246
4248
4250
4252
4254
4256
4258
4260
4262
4264
4266
4268
4270
4272
4274
4276
4278
4280
4282
4284
4286
4288
4290
4292
4294
4296
4298
4300
4302
4304
4306
4308
4310
4312
4314
4316
4318
4320
4322
4324
4326
4328
4330
4332
4334
4336
4338
4340
4342
4344
4346
4348
4350
4352
4354
4356
4358
4360
4362
4364
4366
4368
4370
4372
4374
4376
4378
4380
4381
4383
4385
4387
4389
4391
4393
4395
4397
4399
4401
4403
4405
4407
4409
4411
4413
4415
4417
4419
4421
4423
4425
4427
4429
4431
4433
4435
4437
4439
4441
4443
4445
4447
4449
4451
4453
4455
4457
4459
4461
4463
4465
4467
4469
4471
4473
4475
4477
4479
4481
4483
4485
4487
4489
4491
4493
4495
4497
4499
4501
4503
4505
4507
4509
4511
4513
4515
4517
4519
4521
4523
4525
4527
4529
4531
4533
4535
4537
4539
4541
4543
4545
4547
4549
4551
4553
4555
4557
4559
4561
4563
4565
4567
4569
4571
4573
4575
4577
4579
4581
4583
4585
4587
4589
4591
4593
4595
4597
4599
4601
4603
4605
4607
4609
4611
4613
4615
4617
4619
4621
4623
4625
4627
4629
4631
4633
4635
4637
4639
4641
4643
4645
4647
4649
4651
4653
4655
4657
4659
4661
4663
4665
4667
4669
4671
4673
4675
4677
4679
4681
4683
4685
4687
4689
4691
4693
4695
4697
4699
4701
4703
4705
4707
4709
4711
4713
4715
4717
4719
4721
4723
4725
4727
4729
4731
4733
4735
4737
4739
4741
4743
4745
4747
4749
4751
4753
4755
4757
4759
4761
4763
4765
4767
4769
4771
4773
4775
4777
4779
4781
4783
4785
4787
4789
4791
4793
4795
4797
4799
4801
4803
4805
4807
4809
4811
4813
4815
4817
4819
4821
4823
4825
4827
4829
4831
4833
4835
4837
4839
4841
4843
4845
4847
4849
4851
4853
4855
4857
4859
4861
4863
4865
4867
4869
4871
4873
4875
4877
4879
4881
4883
4885
4887
4889
4891
4893
4895
4897
4899
4901
4903
4905
4907
4909
4911
4913
4915
4917
4919
4921
4923
4925
4927
4929
4931
4933
4935
4937
4939
4941
4943
4945
4947
4949
4951
4953
4955
4957
4959
4961
4963
4965
4967
4969
4971
4973
4975
4977
4979
4981
4983
4985
4987
4989
4990
4992
4994
4996
4998
5000
5002
5004
5006
5008
5010
5012
5014
5016
5018
5020
5022
5024
5026
5028
5030
5032
5034
5036
5038
5040
5042
5044
5046
5048
5050
5052
5054
5056
5058
5060
5062
5064
5066
5068
5070
5072
5074
5076
5078
5080
5082
5084
5086
5088
5090
5092
5094
5096
5098
5100
5102
5104
5106
5107
5109
5111
5113
5115
5117
5119
5121
5123
5125
5127
5129
5131
5133
5135
5137
5139
5141
5143
5145
5147
5149
5151
5153
5155
5157
5159
5161
5163
5165
5167
5169
5171
5173
5175
5177
5179
5181
5183
5185
5187
5189
5190
5192
5194
5196
5198
5200
5202
5204
5206
5208
5210
5212
5214
5216
5218
5220
5222
5224
5226
5228
5230
5232
5234
5236
5238
5240
5242
5244
5246
5248
5250
5252
5254
5255
5257
5259
5261
5263
5265
5267
5269
5271
5273
5275
5277
5279
5281
5283
5285
5287
5289
5291
5293
5295
5297
5299
5301
5303
5305
5307
5308
5310
5312
5314
5316
5318
5320
5322
5324
5326
5328
5330
5332
5334
5336
5338
5340
5342
5344
5346
5348
5350
5352
5354
5355
5357
5359
5361
5363
5365
5367
5369
5371
5373
5375
5377
5379
5381
5383
5385
5387
5389
5391
5393
5395
5397
5398
5400
5402
5404
5406
5408
5410
5412
5414
5416
5418
5420
5422
5424
5426
5428
5430
5432
5434
5436
5437
5439
5441
5443
5445
5447
5449
5451
5453
5455
5457
5459
5461
5463
5465
5467
5469
5471
5472
5474
5476
5478
5480
5482
5484
5486
5488
5490
5492
5494
5496
5498
5500
5502
5503
5505
5507
5509
5511
5513
5515
5517
5519
5521
5523
5525
5527
5529
5531
5533
5534
5536
5538
5540
5542
5544
5546
5548
5550
5552
5554
5556
5558
5560
5562
5563
5565
5567
5569
5571
5573
5575
5577
5579
5581
5583
5585
5587
5588
5590
5592
5594
5596
5598
5600
5602
5604
5606
5608
5610
5612
5614
5615
5617
5619
5621
5623
5625
5627
5629
5631
5633
5635
5637
5638
5640
5642
5644
5646
5648
5650
5652
5654
5656
5658
5660
5661
5663
5665
5667
5669
5671
5673
5675
5677
5679
5681
5683
5684
5686
5688
5690
5692
5694
5696
5698
5700
5702
5704
5705
5707
5709
5711
5713
5715
5717
5719
5721
5723
5725
5726
5728
5730
5732
5734
5736
5738
5740
5742
5744
5745
5747
5749
5751
5753
5755
5757
5759
5761
5763
5764
5766
5768
5770
5772
5774
5776
5778
5780
5781
5783
5785
5787
5789
5791
5793
5795
5797
5799
5800
5802
5804
5806
5808
5810
5812
5814
5816
5817
5819
5821
5823
5825
5827
5829
5831
5833
5834
5836
5838
5840
5842
5844
5846
5848
5849
5851
5853
5855
5857
5859
5861
5863
5865
5866
5868
5870
5872
5874
5876
5878
5880
5881
5883
5885
5887
5889
5891
5893
5895
5896
5898
5900
5902
5904
5906
5908
5910
5911
5913
5915
5917
5919
5921
5923
5924
5926
5928
5930
5932
5934
5936
5938
5939
5941
5943
5945
5947
5949
5951
5952
5954
5956
5958
5960
5962
5964
5965
5967
5969
5971
5973
5975
5977
5978
5980
5982
5984
5986
5988
5990
5991
5993
5995
5997
5999
6001
6003
6004
6006
6008
6010
6012
6014
6016
6017
6019
6021
6023
6025
6027
6028
6030
6032
6034
6036
6038
6040
6041
6043
6045
6047
6049
6051
6052
6054
6056
6058
6060
6062
6063
6065
6067
6069
6071
6073
6074
6076
6078
6080
6082
6084
6086
6087
6089
6091
6093
6095
6096
6098
6100
6102
6104
6106
6107
6109
6111
6113
6115
6117
6118
6120
6122
6124
6126
6128
6129
6131
6133
6135
6137
6138
6140
6142
6144
6146
6148
6149
6151
6153
6155
6157
6158
6160
6162
6164
6166
6168
6169
6171
6173
6175
6177
6178
6180
6182
6184
6186
6187
6189
6191
6193
6195
6197
6198
6200
6202
6204
6206
6207
6209
6211
6213
6215
6216
6218
6220
6222
6224
6225
6227
6229
6231
6233
6234
6236
6238
6240
6242
6243
6245
6247
6249
6250
6252
6254
6256
6258
6259
6261
6263
6265
6267
6268
6270
6272
6274
6276
6277
6279
6281
6283
6284
6286
6288
6290
6292
6293
6295
6297
6299
6300
6302
6304
6306
6308
6309
6311
6313
6315
6316
6318
6320
6322
6324
6325
6327
6329
6331
6332
6334
6336
6338
6339
6341
6343
6345
6347
6348
6350
6352
6354
6355
6357
6359
6361
6362
6364
6366
6368
6369
6371
6373
6375
6377
6378
6380
6382
6384
6385
6387
6389
6391
6392
6394
6396
6398
6399
6401
6403
6405
6406
6408
6410
6412
6413
6415
6417
6419
6420
6422
6424
6426
6427
6429
6431
6432
6434
6436
6438
6439
6441
6443
6445
6446
6448
6450
6452
6453
6455
6457
6459
6460
6462
6464
6465
6467
6469
6471
6472
6474
6476
6478
6479
6481
6483
6484
6486
6488
6490
6491
6493
6495
6497
6498
6500
6502
6503
6505
6507
6509
6510
6512
6514
6515
6517
6519
6521
6522
6524
6526
6527
6529
6531
6533
6534
6536
6538
6539
6541
6543
6544
6546
6548
6550
6551
6553
6555
6556
6558
6560
6562
6563
6565
6567
6568
6570
6572
6573
6575
6577
6578
6580
6582
6584
6585
6587
6589
6590
6592
6594
6595
6597
6599
6600
6602
6604
6606
6607
6609
6611
6612
6614
6616
6617
6619
6621
6622
6624
6626
6627
6629
6631
6632
6634
6636
6637
6639
6641
6642
6644
6646
6647
6649
6651
6652
6654
6656
6657
6659
6661
6662
6664
6666
6667
6669
6671
6672
6674
6676
6677
6679
6681
6682
6684
6686
6687
6689
6691
6692
6694
6696
6697
6699
6701
6702
6704
6706
6707
6709
6710
6712
6714
6715
6717
6719
6720
6722
6724
6725
6727
6729
6730
6732
6733
6735
6737
6738
6740
6742
6743
6745
6747
6748
6750
6751
6753
6755
6756
6758
6760
6761
6763
6764
6766
6768
6769
6771
6773
6774
6776
6777
6779
6781
6782
6784
6786
6787
6789
6790
6792
6794
6795
6797
6798
6800
6802
6803
6805
6807
6808
6810
6811
6813
6815
6816
6818
6819
6821
6823
6824
6826
6827
6829
6831
6832
6834
6835
6837
6839
6840
6842
6843
6845
6847
6848
6850
6851
6853
6855
6856
6858
6859
6861
6862
6864
6866
6867
6869
6870
6872
6874
6875
6877
6878
6880
6881
6883
6885
6886
6888
6889
6891
6893
6894
6896
6897
6899
6900
6902
6904
6905
6907
6908
6910
6911
6913
6914
6916
6918
6919
6921
6922
6924
6925
6927
6929
6930
6932
6933
6935
6936
6938
6939
6941
6943
6944
6946
6947
6949
6950
6952
6953
6955
6956
6958
6960
6961
6963
6964
6966
6967
6969
6970
6972
6973
6975
6977
6978
6980
6981
6983
6984
6986
6987
6989
6990
6992
6993
6995
6996
6998
6999
7001
7003
7004
7006
7007
7009
7010
7012
7013
7015
7016
7018
7019
7021
7022
7024
7025
7027
7028
7030
7031
7033
7034
7036
7037
7039
7040
7042
7043
7045
7046
7048
7049
7051
7052
7054
7055
7057
7058
7060
7061
7063
7064
7066
7067
7069
7070
7072
7073
7075
7076
7078
7079
7081
7082
7084
7085
7087
7088
7090
7091
7093
7094
7096
7097
7099
7100
7102
7103
7105
7106
7107
7109
7110
7112
7113
7115
7116
7118
7119
7121
7122
7124
7125
7127
7128
7130
7131
7132
7134
7135
7137
7138
7140
7141
7143
7144
7146
7147
7148
7150
7151
7153
7154
7156
7157
7159
7160
7161
7163
7164
7166
7167
7169
7170
7172
7173
7174
7176
7177
7179
7180
7182
7183
7185
7186
7187
7189
7190
7192
7193
7195
7196
7197
7199
7200
7202
7203
7205
7206
7207
7209
7210
7212
7213
7214
7216
7217
7219
7220
7222
7223
7224
7226
7227
7229
7230
7231
7233
7234
7236
7237
7238
7240
7241
7243
7244
7245
7247
7248
7250
7251
7252
7254
7255
7257
7258
7259
7261
7262
7264
7265
7266
7268
7269
7270
7272
7273
7275
7276
7277
7279
7280
7281
7283
7284
7286
7287
7288
7290
7291
7292
7294
7295
7297
7298
7299
7301
7302
7303
7305
7306
7308
7309
7310
7312
7313
7314
7316
7317
7318
7320
7321
7322
7324
7325
7327
7328
7329
7331
7332
7333
7335
7336
7337
7339
7340
7341
7343
7344
7345
7347
7348
7349
7351
7352
7353
7355
7356
7357
7359
7360
7361
7363
7364
7365
7367
7368
7369
7371
7372
7373
7375
7376
7377
7379
7380
7381
7382
7384
7385
7386
7388
7389
7390
7392
7393
7394
7396
7397
7398
7400
7401
7402
7403
7405
7406
7407
7409
7410
7411
7413
7414
7415
7416
7418
7419
7420
7422
7423
7424
7425
7427
7428
7429
7431
7432
7433
7434
7436
7437
7438
7440
7441
7442
7443
7445
7446
7447
7448
7450
7451
7452
7454
7455
7456
7457
7459
7460
7461
7462
7464
7465
7466
7467
7469
7470
7471
7472
7474
7475
7476
7477
7479
7480
7481
7482
7484
7485
7486
7487
7489
7490
7491
7492
7494
7495
7496
7497
7499
7500
7501
7502
7503
7505
7506
7507
7508
7510
7511
7512
7513
7515
7516
7517
7518
7519
7521
7522
7523
7524
7525
7527
7528
7529
7530
7532
7533
7534
7535
7536
7538
7539
7540
7541
7542
7544
7545
7546
7547
7548
7550
7551
7552
7553
7554
7556
7557
7558
7559
7560
7561
7563
7564
7565
7566
7567
7569
7570
7571
7572
7573
7574
7576
7577
7578
7579
7580
7582
7583
7584
7585
7586
7587
7589
7590
7591
7592
7593
7594
7596
7597
7598
7599
7600
7601
7602
7604
7605
7606
7607
7608
7609
7611
7612
7613
7614
7615
7616
7617
7619
7620
7621
7622
7623
7624
7625
7626
7628
7629
7630
7631
7632
7633
7634
7636
7637
7638
7639
7640
7641
7642
7643
7644
7646
7647
7648
7649
7650
7651
7652
7653
7655
7656
7657
7658
7659
7660
7661
7662
7663
7664
7666
7667
7668
7669
7670
7671
7672
7673
7674
7675
7677
7678
7679
7680
7681
7682
7683
7684
7685
7686
7687
7688
7690
7691
7692
7693
7694
7695
7696
7697
7698
7699
7700
7701
7702
7703
7705
7706
7707
7708
7709
7710
7711
7712
7713
7714
7715
7716
7717
7718
7719
7720
7721
7722
7723
7725
7726
7727
7728
7729
7730
7731
7732
7733
7734
7735
7736
7737
7738
7739
7740
7741
7742
7743
7744
7745
7746
7747
7748
7749
7750
7751
7752
7753
7754
7755
7756
7757
7758
7759
7760
7761
7763
7764
7765
7766
7767
7768
7769
7770
7771
7772
7773
7774
7775
7776
7776
7777
7778
7779
7780
7781
7782
7783
7784
7785
7786
7787
7788
7789
7790
7791
7792
7793
7794
7795
7796
7797
7798
7799
7800
7801
7802
7803
7804
7805
7806
7807
7808
7809
7810
7811
7812
7813
7813
7814
7815
7816
7817
7818
7819
7820
7821
7822
7823
7824
7825
7826
7827
7828
7829
7829
7830
7831
7832
7833
7834
7835
7836
7837
7838
7839
7840
7841
7842
7842
7843
7844
7845
7846
7847
7848
7849
7850
7851
7852
7853
7853
7854
7855
7856
7857
7858
7859
7860
7861
7862
7862
7863
7864
7865
7866
7867
7868
7869
7870
7870
7871
7872
7873
7874
7875
7876
7877
7878
7878
7879
7880
7881
7882
7883
7884
7884
7885
7886
7887
7888
7889
7890
7891
7891
7892
7893
7894
7895
7896
7897
7897
7898
7899
7900
7901
7902
7902
7903
7904
7905
7906
7907
7908
7908
7909
7910
7911
7912
7913
7913
7914
7915
7916
7917
7918
7918
7919
7920
7921
7922
7922
7923
7924
7925
7926
7927
7927
7928
7929
7930
7931
7931
7932
7933
7934
7935
7935
7936
7937
7938
7939
7939
7940
7941
7942
7943
7943
7944
7945
7946
7946
7947
7948
7949
7950
7950
7951
7952
7953
7953
7954
7955
7956
7957
7957
7958
7959
7960
7960
7961
7962
7963
7963
7964
7965
7966
7966
7967
7968
7969
7969
7970
7971
7972
7972
7973
7974
7975
7975
7976
7977
7978
7978
7979
7980
7981
7981
7982
7983
7984
7984
7985
7986
7986
7987
7988
7989
7989
7990
7991
7991
7992
7993
7994
7994
7995
7996
7996
7997
7998
7999
7999
8000
8001
8001
8002
8003
8003
8004
8005
8005
8006
8007
8008
8008
8009
8010
8010
8011
8012
8012
8013
8014
8014
8015
8016
8016
8017
8018
8018
8019
8020
8020
8021
8022
8022
8023
8024
8024
8025
8026
8026
8027
8028
8028
8029
8030
8030
8031
8032
8032
8033
8033
8034
8035
8035
8036
8037
8037
8038
8039
8039
8040
8040
8041
8042
8042
8043
8044
8044
8045
8045
8046
8047
8047
8048
8048
8049
8050
8050
8051
8052
8052
8053
8053
8054
8055
8055
8056
8056
8057
8058
8058
8059
8059
8060
8060
8061
8062
8062
8063
8063
8064
8065
8065
8066
8066
8067
8067
8068
8069
8069
8070
8070
8071
8071
8072
8073
8073
8074
8074
8075
8075
8076
8076
8077
8078
8078
8079
8079
8080
8080
8081
8081
8082
8082
8083
8084
8084
8085
8085
8086
8086
8087
8087
8088
8088
8089
8089
8090
8090
8091
8091
8092
8092
8093
8093
8094
8094
8095
8096
8096
8097
8097
8098
8098
8099
8099
8100
8100
8101
8101
8101
8102
8102
8103
8103
8104
8104
8105
8105
8106
8106
8107
8107
8108
8108
8109
8109
8110
8110
8111
8111
8112
8112
8112
8113
8113
8114
8114
8115
8115
8116
8116
8117
8117
8117
8118
8118
8119
8119
8120
8120
8121
8121
8121
8122
8122
8123
8123
8124
8124
8124
8125
8125
8126
8126
8127
8127
8127
8128
8128
8129
8129
8130
8130
8130
8131
8131
8132
8132
8132
8133
8133
8134
8134
8134
8135
8135
8136
8136
8136
8137
8137
8138
8138
8138
8139
8139
8139
8140
8140
8141
8141
8141
8142
8142
8142
8143
8143
8144
8144
8144
8145
8145
8145
8146
8146
8146
8147
8147
8147
8148
8148
8148
8149
8149
8150
8150
8150
8151
8151
8151
8152
8152
8152
8153
8153
8153
8154
8154
8154
8155
8155
8155
8155
8156
8156
8156
8157
8157
8157
8158
8158
8158
8159
8159
8159
8159
8160
8160
8160
8161
8161
8161
8162
8162
8162
8162
8163
8163
8163
8164
8164
8164
8164
8165
8165
8165
8165
8166
8166
8166
8167
8167
8167
8167
8168
8168
8168
8168
8169
8169
8169
8169
8170
8170
8170
8170
8171
8171
8171
8171
8172
8172
8172
8172
8173
8173
8173
8173
8174
8174
8174
8174
8174
8175
8175
8175
8175
8176
8176
8176
8176
8176
8177
8177
8177
8177
8177
8178
8178
8178
8178
8178
8179
8179
8179
8179
8179
8180
8180
8180
8180
8180
8180
8181
8181
8181
8181
8181
8182
8182
8182
8182
8182
8182
8183
8183
8183
8183
8183
8183
8183
8184
8184
8184
8184
8184
8184
8185
8185
8185
8185
8185
8185
8185
8186
8186
8186
8186
8186
8186
8186
8186
8187
8187
8187
8187
8187
8187
8187
8187
8188
8188
8188
8188
8188
8188
8188
8188
8188
8188
8189
8189
8189
8189
8189
8189
8189
8189
8189
8189
8190
8190
8190
8190
8190
8190
8190
8190
8190
8190
8190
8190
8190
8190
8191
8191
8191
8191
8191
8191
8191
8191
8191
8191
8191
8191
8191
8191
8191
8191
8191
8191
8191
8192
8192
8192
8192
8192
8192
8192
8192
8192
8192
8192
8192
8192
8192
8192
8192
8192
8192
8192
8192
8192
8192
8192
8192
8192
8192
8192
8192
8192
8192
8192
8192
8192
8192
8192
8192
8192
8192
8192
8192
8192
8192
8192
8192
8192
8192
8192
8192
8192
8192
8192
8192
8191
8191
8191
8191
8191
8191
8191
8191
8191
8191
8191
8191
8191
8191
8191
8191
8191
8191
8191
8190
8190
8190
8190
8190
8190
8190
8190
8190
8190
8190
8190
8190
8190
8189
8189
8189
8189
8189
8189
8189
8189
8189
8189
8188
8188
8188
8188
8188
8188
8188
8188
8188
8188
8187
8187
8187
8187
8187
8187
8187
8187
8186
8186
8186
8186
8186
8186
8186
8186
8185
8185
8185
8185
8185
8185
8185
8184
8184
8184
8184
8184
8184
8183
8183
8183
8183
8183
8183
8183
8182
8182
8182
8182
8182
8182
8181
8181
8181
8181
8181
8180
8180
8180
8180
8180
8180
8179
8179
8179
8179
8179
8178
8178
8178
8178
8178
8177
8177
8177
8177
8177
8176
8176
8176
8176
8176
8175
8175
8175
8175
8174
8174
8174
8174
8174
8173
8173
8173
8173
8172
8172
8172
8172
8171
8171
8171
8171
8170
8170
8170
8170
8169
8169
8169
8169
8168
8168
8168
8168
8167
8167
8167
8167
8166
8166
8166
8165
8165
8165
8165
8164
8164
8164
8164
8163
8163
8163
8162
8162
8162
8162
8161
8161
8161
8160
8160
8160
8159
8159
8159
8159
8158
8158
8158
8157
8157
8157
8156
8156
8156
8155
8155
8155
8155
8154
8154
8154
8153
8153
8153
8152
8152
8152
8151
8151
8151
8150
8150
8150
8149
8149
8148
8148
8148
8147
8147
8147
8146
8146
8146
8145
8145
8145
8144
8144
8144
8143
8143
8142
8142
8142
8141
8141
8141
8140
8140
8139
8139
8139
8138
8138
8138
8137
8137
8136
8136
8136
8135
8135
8134
8134
8134
8133
8133
8132
8132
8132
8131
8131
8130
8130
8130
8129
8129
8128
8128
8127
8127
8127
8126
8126
8125
8125
8124
8124
8124
8123
8123
8122
8122
8121
8121
8121
8120
8120
8119
8119
8118
8118
8117
8117
8117
8116
8116
8115
8115
8114
8114
8113
8113
8112
8112
8112
8111
8111
8110
8110
8109
8109
8108
8108
8107
8107
8106
8106
8105
8105
8104
8104
8103
8103
8102
8102
8101
8101
8101
8100
8100
8099
8099
8098
8098
8097
8097
8096
8096
8095
8094
8094
8093
8093
8092
8092
8091
8091
8090
8090
8089
8089
8088
8088
8087
8087
8086
8086
8085
8085
8084
8084
8083
8082
8082
8081
8081
8080
8080
8079
8079
8078
8078
8077
8076
8076
8075
8075
8074
8074
8073
8073
8072
8071
8071
8070
8070
8069
8069
8068
8067
8067
8066
8066
8065
8065
8064
8063
8063
8062
8062
8061
8060
8060
8059
8059
8058
8058
8057
8056
8056
8055
8055
8054
8053
8053
8052
8052
8051
8050
8050
8049
8048
8048
8047
8047
8046
8045
8045
8044
8044
8043
8042
8042
8041
8040
8040
8039
8039
8038
8037
8037
8036
8035
8035
8034
8033
8033
8032
8032
8031
8030
8030
8029
8028
8028
8027
8026
8026
8025
8024
8024
8023
8022
8022
8021
8020
8020
8019
8018
8018
8017
8016
8016
8015
8014
8014
8013
8012
8012
8011
8010
8010
8009
8008
8008
8007
8006
8005
8005
8004
8003
8003
8002
8001
8001
8000
7999
7999
7998
7997
7996
7996
7995
7994
7994
7993
7992
7991
7991
7990
7989
7989
7988
7987
7986
7986
7985
7984
7984
7983
7982
7981
7981
7980
7979
7978
7978
7977
7976
7975
7975
7974
7973
7972
7972
7971
7970
7969
7969
7968
7967
7966
7966
7965
7964
7963
7963
7962
7961
7960
7960
7959
7958
7957
7957
7956
7955
7954
7953
7953
7952
7951
7950
7950
7949
7948
7947
7946
7946
7945
7944
7943
7943
7942
7941
7940
7939
7939
7938
7937
7936
7935
7935
7934
7933
7932
7931
7931
7930
7929
7928
7927
7927
7926
7925
7924
7923
7922
7922
7921
7920
7919
7918
7918
7917
7916
7915
7914
7913
7913
7912
7911
7910
7909
7908
7908
7907
7906
7905
7904
7903
7902
7902
7901
7900
7899
7898
7897
7897
7896
7895
7894
7893
7892
7891
7891
7890
7889
7888
7887
7886
7885
7884
7884
7883
7882
7881
7880
7879
7878
7878
7877
7876
7875
7874
7873
7872
7871
7870
7870
7869
7868
7867
7866
7865
7864
7863
7862
7862
7861
7860
7859
7858
7857
7856
7855
7854
7853
7853
7852
7851
7850
7849
7848
7847
7846
7845
7844
7843
7842
7842
7841
7840
7839
7838
7837
7836
7835
7834
7833
7832
7831
7830
7829
7829
7828
7827
7826
7825
7824
7823
7822
7821
7820
7819
7818
7817
7816
7815
7814
7813
7813
7812
7811
7810
7809
7808
7807
7806
7805
7804
7803
7802
7801
7800
7799
7798
7797
7796
7795
7794
7793
7792
7791
7790
7789
7788
7787
7786
7785
7784
7783
7782
7781
7780
7779
7778
7777
7776
7776
7775
7774
7773
7772
7771
7770
7769
7768
7767
7766
7765
7764
7763
7761
7760
7759
7758
7757
7756
7755
7754
7753
7752
7751
7750
7749
7748
7747
7746
7745
7744
7743
7742
7741
7740
7739
7738
7737
7736
7735
7734
7733
7732
7731
7730
7729
7728
7727
7726
7725
7723
7722
7721
7720
7719
7718
7717
7716
7715
7714
7713
7712
7711
7710
7709
7708
7707
7706
7705
7703
7702
7701
7700
7699
7698
7697
7696
7695
7694
7693
7692
7691
7690
7688
7687
7686
7685
7684
7683
7682
7681
7680
7679
7678
7677
7675
7674
7673
7672
7671
7670
7669
7668
7667
7666
7664
7663
7662
7661
7660
7659
7658
7657
7656
7655
7653
7652
7651
7650
7649
7648
7647
7646
7644
7643
7642
7641
7640
7639
7638
7637
7636
7634
7633
7632
7631
7630
7629
7628
7626
7625
7624
7623
7622
7621
7620
7619
7617
7616
7615
7614
7613
7612
7611
7609
7608
7607
7606
7605
7604
7602
7601
7600
7599
7598
7597
7596
7594
7593
7592
7591
7590
7589
7587
7586
7585
7584
7583
7582
7580
7579
7578
7577
7576
7574
7573
7572
7571
7570
7569
7567
7566
7565
7564
7563
7561
7560
7559
7558
7557
7556
7554
7553
7552
7551
7550
7548
7547
7546
7545
7544
7542
7541
7540
7539
7538
7536
7535
7534
7533
7532
7530
7529
7528
7527
7525
7524
7523
7522
7521
7519
7518
7517
7516
7515
7513
7512
7511
7510
7508
7507
7506
7505
7503
7502
7501
7500
7499
7497
7496
7495
7494
7492
7491
7490
7489
7487
7486
7485
7484
7482
7481
7480
7479
7477
7476
7475
7474
7472
7471
7470
7469
7467
7466
7465
7464
7462
7461
7460
7459
7457
7456
7455
7454
7452
7451
7450
7448
7447
7446
7445
7443
7442
7441
7440
7438
7437
7436
7434
7433
7432
7431
7429
7428
7427
7425
7424
7423
7422
7420
7419
7418
7416
7415
7414
7413
7411
7410
7409
7407
7406
7405
7403
7402
7401
7400
7398
7397
7396
7394
7393
7392
7390
7389
7388
7386
7385
7384
7382
7381
7380
7379
7377
7376
7375
7373
7372
7371
7369
7368
7367
7365
7364
7363
7361
7360
7359
7357
7356
7355
7353
7352
7351
7349
7348
7347
7345
7344
7343
7341
7340
7339
7337
7336
7335
7333
7332
7331
7329
7328
7327
7325
7324
7322
7321
7320
7318
7317
7316
7314
7313
7312
7310
7309
7308
7306
7305
7303
7302
7301
7299
7298
7297
7295
7294
7292
7291
7290
7288
7287
7286
7284
7283
7281
7280
7279
7277
7276
7275
7273
7272
7270
7269
7268
7266
7265
7264
7262
7261
7259
7258
7257
7255
7254
7252
7251
7250
7248
7247
7245
7244
7243
7241
7240
7238
7237
7236
7234
7233
7231
7230
7229
7227
7226
7224
7223
7222
7220
7219
7217
7216
7214
7213
7212
7210
7209
7207
7206
7205
7203
7202
7200
7199
7197
7196
7195
7193
7192
7190
7189
7187
7186
7185
7183
7182
7180
7179
7177
7176
7174
7173
7172
7170
7169
7167
7166
7164
7163
7161
7160
7159
7157
7156
7154
7153
7151
7150
7148
7147
7146
7144
7143
7141
7140
7138
7137
7135
7134
7132
7131
7130
7128
7127
7125
7124
7122
7121
7119
7118
7116
7115
7113
7112
7110
7109
7107
7106
7105
7103
7102
7100
7099
7097
7096
7094
7093
7091
7090
7088
7087
7085
7084
7082
7081
7079
7078
7076
7075
7073
7072
7070
7069
7067
7066
7064
7063
7061
7060
7058
7057
7055
7054
7052
7051
7049
7048
7046
7045
7043
7042
7040
7039
7037
7036
7034
7033
7031
7030
7028
7027
7025
7024
7022
7021
7019
7018
7016
7015
7013
7012
7010
7009
7007
7006
7004
7003
7001
6999
6998
6996
6995
6993
6992
6990
6989
6987
6986
6984
6983
6981
6980
6978
6977
6975
6973
6972
6970
6969
6967
6966
6964
6963
6961
6960
6958
6956
6955
6953
6952
6950
6949
6947
6946
6944
6943
6941
6939
6938
6936
6935
6933
6932
6930
6929
6927
6925
6924
6922
6921
6919
6918
6916
6914
6913
6911
6910
6908
6907
6905
6904
6902
6900
6899
6897
6896
6894
6893
6891
6889
6888
6886
6885
6883
6881
6880
6878
6877
6875
6874
6872
6870
6869
6867
6866
6864
6862
6861
6859
6858
6856
6855
6853
6851
6850
6848
6847
6845
6843
6842
6840
6839
6837
6835
6834
6832
6831
6829
6827
6826
6824
6823
6821
6819
6818
6816
6815
6813
6811
6810
6808
6807
6805
6803
6802
6800
6798
6797
6795
6794
6792
6790
6789
6787
6786
6784
6782
6781
6779
6777
6776
6774
6773
6771
6769
6768
6766
6764
6763
6761
6760
6758
6756
6755
6753
6751
6750
6748
6747
6745
6743
6742
6740
6738
6737
6735
6733
6732
6730
6729
6727
6725
6724
6722
6720
6719
6717
6715
6714
6712
6710
6709
6707
6706
6704
6702
6701
6699
6697
6696
6694
6692
6691
6689
6687
6686
6684
6682
6681
6679
6677
6676
6674
6672
6671
6669
6667
6666
6664
6662
6661
6659
6657
6656
6654
6652
6651
6649
6647
6646
6644
6642
6641
6639
6637
6636
6634
6632
6631
6629
6627
6626
6624
6622
6621
6619
6617
6616
6614
6612
6611
6609
6607
6606
6604
6602
6600
6599
6597
6595
6594
6592
6590
6589
6587
6585
6584
6582
6580
6578
6577
6575
6573
6572
6570
6568
6567
6565
6563
6562
6560
6558
6556
6555
6553
6551
6550
6548
6546
6544
6543
6541
6539
6538
6536
6534
6533
6531
6529
6527
6526
6524
6522
6521
6519
6517
6515
6514
6512
6510
6509
6507
6505
6503
6502
6500
6498
6497
6495
6493
6491
6490
6488
6486
6484
6483
6481
6479
6478
6476
6474
6472
6471
6469
6467
6465
6464
6462
6460
6459
6457
6455
6453
6452
6450
6448
6446
6445
6443
6441
6439
6438
6436
6434
6432
6431
6429
6427
6426
6424
6422
6420
6419
6417
6415
6413
6412
6410
6408
6406
6405
6403
6401
6399
6398
6396
6394
6392
6391
6389
6387
6385
6384
6382
6380
6378
6377
6375
6373
6371
6369
6368
6366
6364
6362
6361
6359
6357
6355
6354
6352
6350
6348
6347
6345
6343
6341
6339
6338
6336
6334
6332
6331
6329
6327
6325
6324
6322
6320
6318
6316
6315
6313
6311
6309
6308
6306
6304
6302
6300
6299
6297
6295
6293
6292
6290
6288
6286
6284
6283
6281
6279
6277
6276
6274
6272
6270
6268
6267
6265
6263
6261
6259
6258
6256
6254
6252
6250
6249
6247
6245
6243
6242
6240
6238
6236
6234
6233
6231
6229
6227
6225
6224
6222
6220
6218
6216
6215
6213
6211
6209
6207
6206
6204
6202
6200
6198
6197
6195
6193
6191
6189
6187
6186
6184
6182
6180
6178
6177
6175
6173
6171
6169
6168
6166
6164
6162
6160
6158
6157
6155
6153
6151
6149
6148
6146
6144
6142
6140
6138
6137
6135
6133
6131
6129
6128
6126
6124
6122
6120
6118
6117
6115
6113
6111
6109
6107
6106
6104
6102
6100
6098
6096
6095
6093
6091
6089
6087
6086
6084
6082
6080
6078
6076
6074
6073
6071
6069
6067
6065
6063
6062
6060
6058
6056
6054
6052
6051
6049
6047
6045
6043
6041
6040
6038
6036
6034
6032
6030
6028
6027
6025
6023
6021
6019
6017
6016
6014
6012
6010
6008
6006
6004
6003
6001
5999
5997
5995
5993
5991
5990
5988
5986
5984
5982
5980
5978
5977
5975
5973
5971
5969
5967
5965
5964
5962
5960
5958
5956
5954
5952
5951
5949
5947
5945
5943
5941
5939
5938
5936
5934
5932
5930
5928
5926
5924
5923
5921
5919
5917
5915
5913
5911
5910
5908
5906
5904
5902
5900
5898
5896
5895
5893
5891
5889
5887
5885
5883
5881
5880
5878
5876
5874
5872
5870
5868
5866
5865
5863
5861
5859
5857
5855
5853
5851
5849
5848
5846
5844
5842
5840
5838
5836
5834
5833
5831
5829
5827
5825
5823
5821
5819
5817
5816
5814
5812
5810
5808
5806
5804
5802
5800
5799
5797
5795
5793
5791
5789
5787
5785
5783
5781
5780
5778
5776
5774
5772
5770
5768
5766
5764
5763
5761
5759
5757
5755
5753
5751
5749
5747
5745
5744
5742
5740
5738
5736
5734
5732
5730
5728
5726
5725
5723
5721
5719
5717
5715
5713
5711
5709
5707
5705
5704
5702
5700
5698
5696
5694
5692
5690
5688
5686
5684
5683
5681
5679
5677
5675
5673
5671
5669
5667
5665
5663
5661
5660
5658
5656
5654
5652
5650
5648
5646
5644
5642
5640
5638
5637
5635
5633
5631
5629
5627
5625
5623
5621
5619
5617
5615
5614
5612
5610
5608
5606
5604
5602
5600
5598
5596
5594
5592
5590
5588
5587
5585
5583
5581
5579
5577
5575
5573
5571
5569
5567
5565
5563
5562
5560
5558
5556
5554
5552
5550
5548
5546
5544
5542
5540
5538
5536
5534
5533
5531
5529
5527
5525
5523
5521
5519
5517
5515
5513
5511
5509
5507
5505
5503
5502
5500
5498
5496
5494
5492
5490
5488
5486
5484
5482
5480
5478
5476
5474
5472
5471
5469
5467
5465
5463
5461
5459
5457
5455
5453
5451
5449
5447
5445
5443
5441
5439
5437
5436
5434
5432
5430
5428
5426
5424
5422
5420
5418
5416
5414
5412
5410
5408
5406
5404
5402
5400
5398
5397
5395
5393
5391
5389
5387
5385
5383
5381
5379
5377
5375
5373
5371
5369
5367
5365
5363
5361
5359
5357
5355
5354
5352
5350
5348
5346
5344
5342
5340
5338
5336
5334
5332
5330
5328
5326
5324
5322
5320
5318
5316
5314
5312
5310
5308
5307
5305
5303
5301
5299
5297
5295
5293
5291
5289
5287
5285
5283
5281
5279
5277
5275
5273
5271
5269
5267
5265
5263
5261
5259
5257
5255
5254
5252
5250
5248
5246
5244
5242
5240
5238
5236
5234
5232
5230
5228
5226
5224
5222
5220
5218
5216
5214
5212
5210
5208
5206
5204
5202
5200
5198
5196
5194
5192
5190
5189
5187
5185
5183
5181
5179
5177
5175
5173
5171
5169
5167
5165
5163
5161
5159
5157
5155
5153
5151
5149
5147
5145
5143
5141
5139
5137
5135
5133
5131
5129
5127
5125
5123
5121
5119
5117
5115
5113
5111
5109
5107
5106
5104
5102
5100
5098
5096
5094
5092
5090
5088
5086
5084
5082
5080
5078
5076
5074
5072
5070
5068
5066
5064
5062
5060
5058
5056
5054
5052
5050
5048
5046
5044
5042
5040
5038
5036
5034
5032
5030
5028
5026
5024
5022
5020
5018
5016
5014
5012
5010
5008
5006
5004
5002
5000
4998
4996
4994
4992
4990
4989
4987
4985
4983
4981
4979
4977
4975
4973
4971
4969
4967
4965
4963
4961
4959
4957
4955
4953
4951
4949
4947
4945
4943
4941
4939
4937
4935
4933
4931
4929
4927
4925
4923
4921
4919
4917
4915
4913
4911
4909
4907
4905
4903
4901
4899
4897
4895
4893
4891
4889
4887
4885
4883
4881
4879
4877
4875
4873
4871
4869
4867
4865
4863
4861
4859
4857
4855
4853
4851
4849
4847
4845
4843
4841
4839
4837
4835
4833
4831
4829
4827
4825
4823
4821
4819
4817
4815
4813
4811
4809
4807
4805
4803
4801
4799
4797
4795
4793
4791
4789
4787
4785
4783
4781
4779
4777
4775
4773
4771
4769
4767
4765
4763
4761
4759
4757
4755
4753
4751
4749
4747
4745
4743
4741
4739
4737
4735
4733
4731
4729
4727
4725
4723
4721
4719
4717
4715
4713
4711
4709
4707
4705
4703
4701
4699
4697
4695
4693
4691
4689
4687
4685
4683
4681
4679
4677
4675
4673
4671
4669
4667
4665
4663
4661
4659
4657
4655
4653
4651
4649
4647
4645
4643
4641
4639
4637
4635
4633
4631
4629
4627
4625
4623
4621
4619
4617
4615
4613
4611
4609
4607
4605
4603
4601
4599
4597
4595
4593
4591
4589
4587
4585
4583
4581
4579
4577
4575
4573
4571
4569
4567
4565
4563
4561
4559
4557
4555
4553
4551
4549
4547
4545
4543
4541
4539
4537
4535
4533
4531
4529
4527
4525
4523
4521
4519
4517
4515
4513
4511
4509
4507
4505
4503
4501
4499
4497
4495
4493
4491
4489
4487
4485
4483
4481
4479
4477
4475
4473
4471
4469
4467
4465
4463
4461
4459
4457
4455
4453
4451
4449
4447
4445
4443
4441
4439
4437
4435
4433
4431
4429
4427
4425
4423
4421
4419
4417
4415
4413
4411
4409
4407
4405
4403
4401
4399
4397
4395
4393
4391
4389
4387
4385
4383
4381
4380
4378
4376
4374
4372
4370
4368
4366
4364
4362
4360
4358
4356
4354
4352
4350
4348
4346
4344
4342
4340
4338
4336
4334
4332
4330
4328
4326
4324
4322
4320
4318
4316
4314
4312
4310
4308
4306
4304
4302
4300
4298
4296
4294
4292
4290
4288
4286
4284
4282
4280
4278
4276
4274
4272
4270
4268
4266
4264
4262
4260
4258
4256
4254
4252
4250
4248
4246
4244
4242
4240
4238
4236
4234
4232
4230
4228
4226
4224
4222
4220
4218
4216
4214
4212
4210
4208
4206
4204
4202
4200
4198
4196
4194
4192
4190
4188
4186
4184
4182
4180
4178
4176
4174
4172
4170
4168
4166
4164
4162
4160
4158
4156
4154
4152
4150
4148
4146
4144
4142
4140
4138
4136
4134
4132
4130
4128
4126
4124
4122
4120
4118
4116
4114
4112
4110
4108
4106
4104
4102
4100
4098
4097
4095
4093
4091
4089
4087
4085
4083
4081
4079
4077
4075
4073
4071
4069
4067
4065
4063
4061
4059
4057
4055
4053
4051
4049
4047
4045
4043
4041
4039
4037
4035
4033
4031
4029
4027
4025
4023
4021
4019
4017
4015
4013
4011
4009
4007
4005
4003
4001
3999
3997
3995
3993
3991
3989
3987
3985
3984
3982
3980
3978
3976
3974
3972
3970
3968
3966
3964
3962
3960
3958
3956
3954
3952
3950
3948
3946
3944
3942
3940
3938
3936
3934
3932
3930
3928
3926
3924
3922
3920
3918
3916
3914
3912
3910
3908
3906
3905
3903
3901
3899
3897
3895
3893
3891
3889
3887
3885
3883
3881
3879
3877
3875
3873
3871
3869
3867
3865
3863
3861
3859
3857
3855
3853
3851
3849
3847
3845
3843
3842
3840
3838
3836
3834
3832
3830
3828
3826
3824
3822
3820
3818
3816
3814
3812
3810
3808
3806
3804
3802
3800
3798
3796
3794
3792
3790
3789
3787
3785
3783
3781
3779
3777
3775
3773
3771
3769
3767
3765
3763
3761
3759
3757
3755
3753
3751
3749
3747
3745
3743
3742
3740
3738
3736
3734
3732
3730
3728
3726
3724
3722
3720
3718
3716
3714
3712
3710
3708
3706
3704
3702
3700
3699
3697
3695
3693
3691
3689
3687
3685
3683
3681
3679
3677
3675
3673
3671
3669
3667
3665
3663
3662
3660
3658
3656
3654
3652
3650
3648
3646
3644
3642
3640
3638
3636
3634
3632
3630
3628
3627
3625
3623
3621
3619
3617
3615
3613
3611
3609
3607
3605
3603
3601
3599
3597
3596
3594
3592
3590
3588
3586
3584
3582
3580
3578
3576
3574
3572
3570
3568
3566
3565
3563
3561
3559
3557
3555
3553
3551
3549
3547
3545
3543
3541
3539
3538
3536
3534
3532
3530
3528
3526
3524
3522
3520
3518
3516
3514
3512
3511
3509
3507
3505
3503
3501
3499
3497
3495
3493
3491
3489
3487
3486
3484
3482
3480
3478
3476
3474
3472
3470
3468
3466
3464
3462
3461
3459
3457
3455
3453
3451
3449
3447
3445
3443
3441
3439
3438
3436
3434
3432
3430
3428
3426
3424
3422
3420
3418
3417
3415
3413
3411
3409
3407
3405
3403
3401
3399
3397
3396
3394
3392
3390
3388
3386
3384
3382
3380
3378
3376
3375
3373
3371
3369
3367
3365
3363
3361
3359
3357
3356
3354
3352
3350
3348
3346
3344
3342
3340
3338
3337
3335
3333
3331
3329
3327
3325
3323
3321
3319
3318
3316
3314
3312
3310
3308
3306
3304
3302
3301
3299
3297
3295
3293
3291
3289
3287
3285
3284
3282
3280
3278
3276
3274
3272
3270
3268
3267
3265
3263
3261
3259
3257
3255
3253
3251
3250
3248
3246
3244
3242
3240
3238
3236
3235
3233
3231
3229
3227
3225
3223
3221
3220
3218
3216
3214
3212
3210
3208
3206
3205
3203
3201
3199
3197
3195
3193
3191
3190
3188
3186
3184
3182
3180
3178
3176
3175
3173
3171
3169
3167
3165
3163
3162
3160
3158
3156
3154
3152
3150
3149
3147
3145
3143
3141
3139
3137
3135
3134
3132
3130
3128
3126
3124
3122
3121
3119
3117
3115
3113
3111
3110
3108
3106
3104
3102
3100
3098
3097
3095
3093
3091
3089
3087
3085
3084
3082
3080
3078
3076
3074
3073
3071
3069
3067
3065
3063
3061
3060
3058
3056
3054
3052
3050
3049
3047
3045
3043
3041
3039
3038
3036
3034
3032
3030
3028
3027
3025
3023
3021
3019
3017
3015
3014
3012
3010
3008
3006
3005
3003
3001
2999
2997
2995
2994
2992
2990
2988
2986
2984
2983
2981
2979
2977
2975
2973
2972
2970
2968
2966
2964
2963
2961
2959
2957
2955
2953
2952
2950
2948
2946
2944
2943
2941
2939
2937
2935
2933
2932
2930
2928
2926
2924
2923
2921
2919
2917
2915
2914
2912
2910
2908
2906
2905
2903
2901
2899
2897
2895
2894
2892
2890
2888
2886
2885
2883
2881
2879
2877
2876
2874
2872
2870
2868
2867
2865
2863
2861
2860
2858
2856
2854
2852
2851
2849
2847
2845
2843
2842
2840
2838
2836
2834
2833
2831
2829
2827
2826
2824
2822
2820
2818
2817
2815
2813
2811
2809
2808
2806
2804
2802
2801
2799
2797
2795
2793
2792
2790
2788
2786
2785
2783
2781
2779
2777
2776
2774
2772
2770
2769
2767
2765
2763
2762
2760
2758
2756
2754
2753
2751
2749
2747
2746
2744
2742
2740
2739
2737
2735
2733
2732
2730
2728
2726
2725
2723
2721
2719
2718
2716
2714
2712
2711
2709
2707
2705
2703
2702
2700
2698
2696
2695
2693
2691
2690
2688
2686
2684
2683
2681
2679
2677
2676
2674
2672
2670
2669
2667
2665
2663
2662
2660
2658
2656
2655
2653
2651
2649
2648
2646
2644
2643
2641
2639
2637
2636
2634
2632
2630
2629
2627
2625
2624
2622
2620
2618
2617
2615
2613
2611
2610
2608
2606
2605
2603
2601
2599
2598
2596
2594
2593
2591
2589
2587
2586
2584
2582
2581
2579
2577
2575
2574
2572
2570
2569
2567
2565
2563
2562
2560
2558
2557
2555
2553
2551
2550
2548
2546
2545
2543
2541
2540
2538
2536
2534
2533
2531
2529
2528
2526
2524
2523
2521
2519
2518
2516
2514
2512
2511
2509
2507
2506
2504
2502
2501
2499
2497
2496
2494
2492
2491
2489
2487
2485
2484
2482
2480
2479
2477
2475
2474
2472
2470
2469
2467
2465
2464
2462
2460
2459
2457
2455
2454
2452
2450
2449
2447
2445
2444
2442
2440
2439
2437
2435
2434
2432
2430
2429
2427
2425
2424
2422
2420
2419
2417
2415
2414
2412
2410
2409
2407
2405
2404
2402
2401
2399
2397
2396
2394
2392
2391
2389
2387
2386
2384
2382
2381
2379
2378
2376
2374
2373
2371
2369
2368
2366
2364
2363
2361
2359
2358
2356
2355
2353
2351
2350
2348
2346
2345
2343
2342
2340
2338
2337
2335
2333
2332
2330
2329
2327
2325
2324
2322
2320
2319
2317
2316
2314
2312
2311
2309
2307
2306
2304
2303
2301
2299
2298
2296
2295
2293
2291
2290
2288
2287
2285
2283
2282
2280
2279
2277
2275
2274
2272
2271
2269
2267
2266
2264
2263
2261
2259
2258
2256
2255
2253
2251
2250
2248
2247
2245
2243
2242
2240
2239
2237
2235
2234
2232
2231
2229
2228
2226
2224
2223
2221
2220
2218
2217
2215
2213
2212
2210
2209
2207
2206
2204
2202
2201
2199
2198
2196
2195
2193
2191
2190
2188
2187
2185
2184
2182
2180
2179
2177
2176
2174
2173
2171
2170
2168
2166
2165
2163
2162
2160
2159
2157
2156
2154
2152
2151
2149
2148
2146
2145
2143
2142
2140
2139
2137
2135
2134
2132
2131
2129
2128
2126
2125
2123
2122
2120
2119
2117
2115
2114
2112
2111
2109
2108
2106
2105
2103
2102
2100
2099
2097
2096
2094
2093
2091
2090
2088
2086
2085
2083
2082
2080
2079
2077
2076
2074
2073
2071
2070
2068
2067
2065
2064
2062
2061
2059
2058
2056
2055
2053
2052
2050
2049
2047
2046
2044
2043
2041
2040
2038
2037
2035
2034
2032
2031
2029
2028
2026
2025
2023
2022
2020
2019
2017
2016
2014
2013
2011
2010
2009
2007
2006
2004
2003
2001
2000
1998
1997
1995
1994
1992
1991
1989
1988
1986
1985
1983
1982
1981
1979
1978
1976
1975
1973
1972
1970
1969
1967
1966
1964
1963
1961
1960
1959
1957
1956
1954
1953
1951
1950
1948
1947
1946
1944
1943
1941
1940
1938
1937
1935
1934
1932
1931
1930
1928
1927
1925
1924
1922
1921
1920
1918
1917
1915
1914
1912
1911
1909
1908
1907
1905
1904
1902
1901
1899
1898
1897
1895
1894
1892
1891
1890
1888
1887
1885
1884
1882
1881
1880
1878
1877
1875
1874
1873
1871
1870
1868
1867
1865
1864
1863
1861
1860
1858
1857
1856
1854
1853
1851
1850
1849
1847
1846
1844
1843
1842
1840
1839
1837
1836
1835
1833
1832
1830
1829
1828
1826
1825
1823
1822
1821
1819
1818
1817
1815
1814
1812
1811
1810
1808
1807
1806
1804
1803
1801
1800
1799
1797
1796
1794
1793
1792
1790
1789
1788
1786
1785
1784
1782
1781
1779
1778
1777
1775
1774
1773
1771
1770
1769
1767
1766
1764
1763
1762
1760
1759
1758
1756
1755
1754
1752
1751
1750
1748
1747
1746
1744
1743
1741
1740
1739
1737
1736
1735
1733
1732
1731
1729
1728
1727
1725
1724
1723
1721
1720
1719
1717
1716
1715
1713
1712
1711
1709
1708
1707
1705
1704
1703
1701
1700
1699
1697
1696
1695
1693
1692
1691
1689
1688
1687
1686
1684
1683
1682
1680
1679
1678
1676
1675
1674
1672
1671
1670
1668
1667
1666
1665
1663
1662
1661
1659
1658
1657
1655
1654
1653
1652
1650
1649
1648
1646
1645
1644
1642
1641
1640
1639
1637
1636
1635
1633
1632
1631
1630
1628
1627
1626
1624
1623
1622
1621
1619
1618
1617
1615
1614
1613
1612
1610
1609
1608
1606
1605
1604
1603
1601
1600
1599
1598
1596
1595
1594
1592
1591
1590
1589
1587
1586
1585
1584
1582
1581
1580
1579
1577
1576
1575
1573
1572
1571
1570
1568
1567
1566
1565
1563
1562
1561
1560
1558
1557
1556
1555
1553
1552
1551
1550
1548
1547
1546
1545
1543
1542
1541
1540
1539
1537
1536
1535
1534
1532
1531
1530
1529
1527
1526
1525
1524
1522
1521
1520
1519
1518
1516
1515
1514
1513
1511
1510
1509
1508
1507
1505
1504
1503
1502
1500
1499
1498
1497
1496
1494
1493
1492
1491
1489
1488
1487
1486
1485
1483
1482
1481
1480
1479
1477
1476
1475
1474
1473
1471
1470
1469
1468
1467
1465
1464
1463
1462
1461
1459
1458
1457
1456
1455
1453
1452
1451
1450
1449
1447
1446
1445
1444
1443
1441
1440
1439
1438
1437
1436
1434
1433
1432
1431
1430
1428
1427
1426
1425
1424
1423
1421
1420
1419
1418
1417
1416
1414
1413
1412
1411
1410
1408
1407
1406
1405
1404
1403
1401
1400
1399
1398
1397
1396
1395
1393
1392
1391
1390
1389
1388
1386
1385
1384
1383
1382
1381
1379
1378
1377
1376
1375
1374
1373
1371
1370
1369
1368
1367
1366
1365
1363
1362
1361
1360
1359
1358
1357
1355
1354
1353
1352
1351
1350
1349
1347
1346
1345
1344
1343
1342
1341
1340
1338
1337
1336
1335
1334
1333
1332
1331
1329
1328
1327
1326
1325
1324
1323
1322
1320
1319
1318
1317
1316
1315
1314
1313
1311
1310
1309
1308
1307
1306
1305
1304
1303
1301
1300
1299
1298
1297
1296
1295
1294
1293
1292
1290
1289
1288
1287
1286
1285
1284
1283
1282
1281
1279
1278
1277
1276
1275
1274
1273
1272
1271
1270
1268
1267
1266
1265
1264
1263
1262
1261
1260
1259
1258
1257
1255
1254
1253
1252
1251
1250
1249
1248
1247
1246
1245
1244
1243
1241
1240
1239
1238
1237
1236
1235
1234
1233
1232
1231
1230
1229
1228
1226
1225
1224
1223
1222
1221
1220
1219
1218
1217
1216
1215
1214
1213
1212
1211
1209
1208
1207
1206
1205
1204
1203
1202
1201
1200
1199
1198
1197
1196
1195
1194
1193
1192
1191
1190
1188
1187
1186
1185
1184
1183
1182
1181
1180
1179
1178
1177
1176
1175
1174
1173
1172
1171
1170
1169
1168
1167
1166
1165
1164
1163
1162
1161
1160
1158
1157
1156
1155
1154
1153
1152
1151
1150
1149
1148
1147
1146
1145
1144
1143
1142
1141
1140
1139
1138
1137
1136
1135
1134
1133
1132
1131
1130
1129
1128
1127
1126
1125
1124
1123
1122
1121
1120
1119
1118
1117
1116
1115
1114
1113
1112
1111
1110
1109
1108
1107
1106
1105
1104
1103
1102
1101
1100
1099
1098
1097
1096
1095
1094
1093
1092
1091
1090
1089
1088
1087
1086
1085
1084
1083
1082
1081
1080
1079
1078
1077
1076
1075
1074
1073
1072
1071
1071
1070
1069
1068
1067
1066
1065
1064
1063
1062
1061
1060
1059
1058
1057
1056
1055
1054
1053
1052
1051
1050
1049
1048
1047
1046
1045
1044
1043
1043
1042
1041
1040
1039
1038
1037
1036
1035
1034
1033
1032
1031
1030
1029
1028
1027
1026
1025
1024
1024
1023
1022
1021
1020
1019
1018
1017
1016
1015
1014
1013
1012
1011
1010
1009
1008
1008
1007
1006
1005
1004
1003
1002
1001
1000
999
998
997
996
995
995
994
993
992
991
990
989
988
987
986
985
984
983
983
982
981
980
979
978
977
976
975
974
973
972
972
971
970
969
968
967
966
965
964
963
962
962
961
960
959
958
957
956
955
954
953
953
952
951
950
949
948
947
946
945
944
944
943
942
941
940
939
938
937
936
935
935
934
933
932
931
930
929
928
928
927
926
925
924
923
922
921
920
920
919
918
917
916
915
914
913
913
912
911
910
909
908
907
906
906
905
904
903
902
901
900
899
899
898
897
896
895
894
893
893
892
891
890
889
888
887
887
886
885
884
883
882
881
881
880
879
878
877
876
875
875
874
873
872
871
870
869
869
868
867
866
865
864
864
863
862
861
860
859
859
858
857
856
855
854
853
853
852
851
850
849
848
848
847
846
845
844
843
843
842
841
840
839
839
838
837
836
835
834
834
833
832
831
830
829
829
828
827
826
825
825
824
823
822
821
820
820
819
818
817
816
816
815
814
813
812
812
811
810
809
808
807
807
806
805
804
803
803
802
801
800
799
799
798
797
796
795
795
794
793
792
791
791
790
789
788
787
787
786
785
784
784
783
782
781
780
780
779
778
777
776
776
775
774
773
773
772
771
770
769
769
768
767
766
765
765
764
763
762
762
761
760
759
759
758
757
756
755
755
754
753
752
752
751
750
749
748
748
747
746
745
745
744
743
742
742
741
740
739
739
738
737
736
736
735
734
733
733
732
731
730
729
729
728
727
726
726
725
724
723
723
722
721
720
720
719
718
717
717
716
715
715
714
713
712
712
711
710
709
709
708
707
706
706
705
704
703
703
702
701
700
700
699
698
698
697
696
695
695
694
693
692
692
691
690
690
689
688
687
687
686
685
684
684
683
682
682
681
680
679
679
678
677
677
676
675
674
674
673
672
672
671
670
669
669
668
667
667
666
665
664
664
663
662
662
661
660
659
659
658
657
657
656
655
655
654
653
652
652
651
650
650
649
648
648
647
646
645
645
644
643
643
642
641
641
640
639
639
638
637
637
636
635
634
634
633
632
632
631
630
630
629
628
628
627
626
626
625
624
624
623
622
621
621
620
619
619
618
617
617
616
615
615
614
613
613
612
611
611
610
609
609
608
607
607
606
605
605
604
603
603
602
601
601
600
599
599
598
597
597
596
595
595
594
593
593
592
592
591
590
590
589
588
588
587
586
586
585
584
584
583
582
582
581
580
580
579
578
578
577
577
576
575
575
574
573
573
572
571
571
570
569
569
568
568
567
566
566
565
564
564
563
562
562
561
561
560
559
559
558
557
557
556
556
555
554
554
553
552
552
551
551
550
549
549
548
547
547
546
546
545
544
544
543
542
542
541
541
540
539
539
538
538
537
536
536
535
534
534
533
533
532
531
531
530
530
529
528
528
527
527
526
525
525
524
524
523
522
522
521
520
520
519
519
518
517
517
516
516
515
514
514
513
513
512
512
511
510
510
509
509
508
507
507
506
506
505
504
504
503
503
502
501
501
500
500
499
499
498
497
497
496
496
495
494
494
493
493
492
492
491
490
490
489
489
488
488
487
486
486
485
485
484
483
483
482
482
481
481
480
479
479
478
478
477
477
476
476
475
474
474
473
473
472
472
471
470
470
469
469
468
468
467
466
466
465
465
464
464
463
463
462
461
461
460
460
459
459
458
458
457
457
456
455
455
454
454
453
453
452
452
451
450
450
449
449
448
448
447
447
446
446
445
444
444
443
443
442
442
441
441
440
440
439
439
438
437
437
436
436
435
435
434
434
433
433
432
432
431
431
430
429
429
428
428
427
427
426
426
425
425
424
424
423
423
422
422
421
421
420
419
419
418
418
417
417
416
416
415
415
414
414
413
413
412
412
411
411
410
410
409
409
408
408
407
407
406
406
405
405
404
404
403
403
402
402
401
401
400
399
399
398
398
397
397
396
396
395
395
394
394
393
393
392
392
391
391
390
390
389
389
389
388
388
387
387
386
386
385
385
384
384
383
383
382
382
381
381
380
380
379
379
378
378
377
377
376
376
375
375
374
374
373
373
372
372
371
371
370
370
370
369
369
368
368
367
367
366
366
365
365
364
364
363
363
362
362
361
361
360
360
360
359
359
358
358
357
357
356
356
355
355
354
354
353
353
353
352
352
351
351
350
350
349
349
348
348
347
347
347
346
346
345
345
344
344
343
343
342
342
342
341
341
340
340
339
339
338
338
337
337
337
336
336
335
335
334
334
333
333
332
332
332
331
331
330
330
329
329
328
328
328
327
327
326
326
325
325
325
324
324
323
323
322
322
321
321
321
320
320
319
319
318
318
318
317
317
316
316
315
315
315
314
314
313
313
312
312
312
311
311
310
310
309
309
309
308
308
307
307
306
306
306
305
305
304
304
303
303
303
302
302
301
301
301
300
300
299
299
298
298
298
297
297
296
296
296
295
295
294
294
294
293
293
292
292
291
291
291
290
290
289
289
289
288
288
287
287
287
286
286
285
285
285
284
284
283
283
283
282
282
281
281
281
280
280
279
279
279
278
278
277
277
277
276
276
275
275
275
274
274
273
273
273
272
272
271
271
271
270
270
270
269
269
268
268
268
267
267
266
266
266
265
265
265
264
264
263
263
263
262
262
261
261
261
260
260
260
259
259
258
258
258
257
257
257
256
256
255
255
255
254
254
254
253
253
252
252
252
251
251
251
250
250
249
249
249
248
248
248
247
247
247
246
246
245
245
245
244
244
244
243
243
243
242
242
241
241
241
240
240
240
239
239
239
238
238
238
237
237
236
236
236
235
235
235
234
234
234
233
233
233
232
232
232
231
231
230
230
230
229
229
229
228
228
228
227
227
227
226
226
226
225
225
225
224
224
224
223
223
223
222
222
221
221
221
220
220
220
219
219
219
218
218
218
217
217
217
216
216
216
215
215
215
214
214
214
213
213
213
212
212
212
211
211
211
210
210
210
209
209
209
208
208
208
207
207
207
207
206
206
206
205
205
205
204
204
204
203
203
203
202
202
202
201
201
201
200
200
200
199
199
199
199
198
198
198
197
197
197
196
196
196
195
195
195
194
194
194
193
193
193
193
192
192
192
191
191
191
190
190
190
189
189
189
189
188
188
188
187
187
187
186
186
186
186
185
185
185
184
184
184
183
183
183
182
182
182
182
181
181
181
180
180
180
180
179
179
179
178
178
178
177
177
177
177
176
176
176
175
175
175
175
174
174
174
173
173
173
173
172
172
172
171
171
171
170
170
170
170
169
169
169
169
168
168
168
167
167
167
167
166
166
166
165
165
165
165
164
164
164
163
163
163
163
162
162
162
162
161
161
161
160
160
160
160
159
159
159
158
158
158
158
157
157
157
157
156
156
156
156
155
155
155
154
154
154
154
153
153
153
153
152
152
152
152
151
151
151
150
150
150
150
149
149
149
149
148
148
148
148
147
147
147
147
146
146
146
146
145
145
145
144
144
144
144
143
143
143
143
142
142
142
142
141
141
141
141
140
140
140
140
139
139
139
139
138
138
138
138
137
137
137
137
136
136
136
136
135
135
135
135
134
134
134
134
134
133
133
133
133
132
132
132
132
131
131
131
131
130
130
130
130
129
129
129
129
128
128
128
128
128
127
127
127
127
126
126
126
126
125
125
125
125
124
124
124
124
124
123
123
123
123
122
122
122
122
121
121
121
121
121
120
120
120
120
119
119
119
119
119
118
118
118
118
117
117
117
117
117
116
116
116
116
115
115
115
115
115
114
114
114
114
113
113
113
113
113
112
112
112
112
112
111
111
111
111
110
110
110
110
110
109
109
109
109
109
108
108
108
108
107
107
107
107
107
106
106
106
106
106
105
105
105
105
105
104
104
104
104
104
103
103
103
103
103
102
102
102
102
101
101
101
101
101
100
100
100
100
100
99
99
99
99
99
98
98
98
98
98
97
97
97
97
97
97
96
96
96
96
96
95
95
95
95
95
94
94
94
94
94
93
93
93
93
93
92
92
92
92
92
92
91
91
91
91
91
90
90
90
90
90
89
89
89
89
89
89
88
88
88
88
88
87
87
87
87
87
87
86
86
86
86
86
85
85
85
85
85
85
84
84
84
84
84
83
83
83
83
83
83
82
82
82
82
82
82
81
81
81
81
81
80
80
80
80
80
80
79
79
79
79
79
79
78
78
78
78
78
78
77
77
77
77
77
77
76
76
76
76
76
76
75
75
75
75
75
75
74
74
74
74
74
74
73
73
73
73
73
73
72
72
72
72
72
72
71
71
71
71
71
71
71
70
70
70
70
70
70
69
69
69
69
69
69
68
68
68
68
68
68
68
67
67
67
67
67
67
66
66
66
66
66
66
66
65
65
65
65
65
65
64
64
64
64
64
64
64
63
63
63
63
63
63
63
62
62
62
62
62
62
62
61
61
61
61
61
61
61
60
60
60
60
60
60
60
59
59
59
59
59
59
59
58
58
58
58
58
58
58
57
57
57
57
57
57
57
56
56
56
56
56
56
56
56
55
55
55
55
55
55
55
54
54
54
54
54
54
54
54
53
53
53
53
53
53
53
52
52
52
52
52
52
52
52
51
51
51
51
51
51
51
51
50
50
50
50
50
50
50
50
49
49
49
49
49
49
49
49
48
48
48
48
48
48
48
48
47
47
47
47
47
47
47
47
46
46
46
46
46
46
46
46
46
45
45
45
45
45
45
45
45
44
44
44
44
44
44
44
44
44
43
43
43
43
43
43
43
43
42
42
42
42
42
42
42
42
42
41
41
41
41
41
41
41
41
41
40
40
40
40
40
40
40
40
40
40
39
39
39
39
39
39
39
39
39
38
38
38
38
38
38
38
38
38
37
37
37
37
37
37
37
37
37
37
36
36
36
36
36
36
36
36
36
36
35
35
35
35
35
35
35
35
35
35
34
34
34
34
34
34
34
34
34
34
33
33
33
33
33
33
33
33
33
33
33
32
32
32
32
32
32
32
32
32
32
31
31
31
31
31
31
31
31
31
31
31
30
30
30
30
30
30
30
30
30
30
30
29
29
29
29
29
29
29
29
29
29
29
29
28
28
28
28
28
28
28
28
28
28
28
27
27
27
27
27
27
27
27
27
27
27
27
26
26
26
26
26
26
26
26
26
26
26
26
26
25
25
25
25
25
25
25
25
25
25
25
25
24
24
24
24
24
24
24
24
24
24
24
24
24
23
23
23
23
23
23
23
23
23
23
23
23
23
22
22
22
22
22
22
22
22
22
22
22
22
22
22
21
21
21
21
21
21
21
21
21
21
21
21
21
21
20
20
20
20
20
20
20
20
20
20
20
20
20
20
20
19
19
19
19
19
19
19
19
19
19
19
19
19
19
19
18
18
18
18
18
18
18
18
18
18
18
18
18
18
18
18
17
17
17
17
17
17
17
17
17
17
17
17
17
17
17
17
16
16
16
16
16
16
16
16
16
16
16
16
16
16
16
16
16
15
15
15
15
15
15
15
15
15
15
15
15
15
15
15
15
15
14
14
14
14
14
14
14
14
14
14
14
14
14
14
14
14
14
14
14
13
13
13
13
13
13
13
13
13
13
13
13
13
13
13
13
13
13
13
12
12
12
12
12
12
12
12
12
12
12
12
12
12
12
12
12
12
12
12
12
11
11
11
11
11
11
11
11
11
11
11
11
11
11
11
11
11
11
11
11
11
11
10
10
10
10
10
10
10
10
10
10
10
10
10
10
10
10
10
10
10
10
10
10
10
9
9
9
9
9
9
9
9
9
9
9
9
9
9
9
9
9
9
9
9
9
9
9
9
9
8
8
8
8
8
8
8
8
8
8
8
8
8
8
8
8
8
8
8
8
8
8
8
8
8
8
8
7
7
7
7
7
7
7
7
7
7
7
7
7
7
7
7
7
7
7
7
7
7
7
7
7
7
7
7
7
6
6
6
6
6
6
6
6
6
6
6
6
6
6
6
6
6
6
6
6
6
6
6
6
6
6
6
6
6
6
6
6
6
5
5
5
5
5
5
5
5
5
5
5
5
5
5
5
5
5
5
5
5
5
5
5
5
5
5
5
5
5
5
5
5
5
5
5
5
4
4
4
4
4
4
4
4
4
4
4
4
4
4
4
4
4
4
4
4
4
4
4
4
4
4
4
4
4
4
4
4
4
4
4
4
4
4
4
4
4
4
4
3
3
3
3
3
3
3
3
3
3
3
3
3
3
3
3
3
3
3
3
3
3
3
3
3
3
3
3
3
3
3
3
3
3
3
3
3
3
3
3
3
3
3
3
3
3
3
3
3
3
3
3
2
2
2
2
2
2
2
2
2
2
2
2
2
2
2
2
2
2
2
2
2
2
2
2
2
2
2
2
2
2
2
2
2
2
2
2
2
2
2
2
2
2
2
2
2
2
2
2
2
2
2
2
2
2
2
2
2
2
2
2
2
2
2
2
2
2
2
2
2
1
1
1
1
1
1
1
1
1
1
1
1
1
1
1
1
1
1
1
1
1
1
1
1
1
1
1
1
1
1
1
1
1
1
1
1
1
1
1
1
1
1
1
1
1
1
1
1
1
1
1
1
1
1
1
1
1
1
1
1
1
1
1
1
1
1
1
1
1
1
1
1
1
1
1
1
1
1
1
1
1
1
1
1
1
1
1
1
1
1
1
1
1
1
1
1
1
1
1
1
1
1
1
1
1
1
1
1
1
1
1
1
1
0
0
0
0
0
0
0
0
0
0
0
0
0
0
0
0
0
0
0
0
0
0
0
0
0
0
0
0
0
0
0
0
0
0
0
0
0
0
0
0
0
0
0
0
0
0
0
0
0
0
0
0
0
0
0
0
0
0
0
0
0
0
0
0
0
0
0
0
0
0
0
0
0
0
0
0
0
0
0
0
0
0
0
0
0
0
0
0
0
0
0
0
0
0
0
0
0
0
0
0
0
0
0
0
0
0
0
0
0
0
0
0
0
0
0
0
0
0
0
0
0
0
0
0
0
0
0
0
0
0
0
0
0
0
0
0
0
0
0
0
0
0
0
0
0
0
0
0
0
0
0
0
0
0
0
0
0
0
0
0
0
0
0
0
0
0
0
0
0
0
0
0
0
0
0
0
0
0
0
0
0
0
0
0
0
0
0
0
0
0
0
0
0
0
0
0
0
0
0
0
0
0
0
0
0
0
0
0
0
0
0
0
0
0
0
0
0
0
0
0
0
0
0
0
0
0
0
0
0
0
0
0
0
0
0
0
0
0
0
0
0
0
0
0
0
0
0
0
0
0
0
0
0
0
0
0
