16
48
80
112
144
176
208
240
272
304
336
368
400
432
464
496
528
560
592
624
656
688
720
752
784
816
848
880
912
944
976
1008
1040
1072
1104
1136
1168
1200
1232
1264
1296
1328
1360
1392
1424
1456
1488
1520
1552
1584
1616
1648
1680
1712
1744
1776
1808
1840
1872
1904
1936
1968
2000
2032
2064
2096
2128
2160
2192
2224
2256
2288
2320
2352
2384
2416
2448
2480
2512
2544
2576
2608
2640
2672
2704
2736
2768
2800
2832
2864
2896
2928
2960
2992
3024
3056
3088
3120
3152
3184
3216
3248
3280
3312
3344
3376
3408
3440
3472
3504
3536
3568
3600
3632
3664
3696
3728
3760
3792
3824
3856
3888
3920
3952
3984
4016
4048
4080
4112
4144
4176
4208
4240
4272
4304
4336
4368
4400
4432
4464
4496
4528
4560
4592
4624
4656
4688
4720
4752
4784
4816
4848
4880
4912
4944
4976
5008
5040
5072
5104
5136
5168
5200
5232
5264
5296
5328
5360
5392
5424
5456
5488
5520
5552
5584
5616
5648
5680
5712
5744
5776
5808
5840
5872
5904
5936
5968
6000
6032
6064
6096
6128
6160
6192
6224
6256
6288
6320
6352
6384
6416
6448
6480
6512
6544
6576
6608
6640
6672
6704
6736
6768
6800
6832
6864
6896
6928
6960
6992
7024
7056
7088
7120
7152
7184
7216
7248
7280
7312
7344
7376
7408
7440
7472
7504
7536
7568
7600
7632
7664
7696
7728
7760
7792
7824
7856
7888
7920
7952
7984
8016
8048
8080
8112
8144
8176
8208
8240
8272
8304
8336
8368
8400
8432
8464
8496
8528
8560
8592
8624
8656
8688
8720
8752
8784
8816
8848
8880
8912
8944
8976
9008
9040
9072
9104
9136
9168
9200
9232
9264
9296
9328
9360
9392
9424
9456
9488
9520
9552
9584
9616
9648
9680
9712
9744
9776
9808
9840
9872
9904
9936
9968
10000
10032
10064
10096
10128
10160
10192
10224
10256
10288
10320
10352
10384
10416
10448
10480
10512
10544
10576
10608
10640
10672
10704
10736
10768
10800
10832
10864
10896
10928
10960
10992
11024
11056
11088
11120
11152
11184
11216
11248
11280
11312
11344
11376
11408
11440
11472
11504
11536
11568
11600
11632
11664
11696
11728
11760
11792
11824
11856
11888
11920
11952
11984
12016
12048
12080
12112
12144
12176
12208
12240
12272
12304
12336
12368
12400
12432
12464
12496
12528
12560
12592
12624
12656
12688
12720
12752
12784
12816
12848
12880
12912
12944
12976
13008
13040
13072
13104
13136
13168
13200
13232
13264
13296
13328
13360
13392
13424
13456
13488
13520
13552
13584
13616
13648
13680
13712
13744
13776
13808
13840
13872
13904
13936
13968
14000
14032
14064
14096
14128
14160
14192
14224
14256
14288
14320
14352
14384
14416
14448
14480
14512
14544
14576
14608
14640
14672
14704
14736
14768
14800
14832
14864
14896
14928
14960
14992
15024
15056
15088
15120
15152
15184
15216
15248
15280
15312
15344
15376
15408
15440
15472
15504
15536
15568
15600
15632
15664
15696
15728
15760
15792
15824
15856
15888
15920
15952
15984
16016
16048
16080
16112
16144
16176
16208
16240
16272
16304
16336
16368
16400
16432
16464
16496
16528
16560
16592
16624
16656
16688
16720
16752
16784
16816
16848
16880
16912
16944
16976
17008
17040
17072
17104
17136
17168
17200
17232
17264
17296
17328
17360
17392
17424
17456
17488
17520
17552
17584
17616
17648
17680
17712
17744
17776
17808
17840
17872
17904
17936
17968
18000
18032
18064
18096
18128
18160
18192
18224
18256
18288
18320
18352
18384
18416
18448
18480
18512
18544
18576
18608
18640
18672
18704
18736
18768
18800
18832
18864
18896
18928
18960
18992
19024
19056
19088
19120
19152
19184
19216
19248
19280
19312
19344
19376
19408
19440
19472
19504
19536
19568
19600
19632
19664
19696
19728
19760
19792
19824
19856
19888
19920
19952
19984
20016
20048
20080
20112
20144
20176
20208
20240
20272
20304
20336
20368
20400
20432
20464
20496
20528
20560
20592
20624
20656
20688
20720
20752
20784
20816
20848
20880
20912
20944
20976
21008
21040
21072
21104
21136
21168
21200
21232
21264
21296
21328
21360
21392
21424
21456
21488
21520
21552
21584
21616
21648
21680
21712
21744
21776
21808
21840
21872
21904
21936
21968
22000
22032
22064
22096
22128
22160
22192
22224
22256
22288
22320
22352
22384
22416
22448
22480
22512
22544
22576
22608
22640
22672
22704
22736
22768
22800
22832
22864
22896
22928
22960
22992
23024
23056
23088
23120
23152
23184
23216
23248
23280
23312
23344
23376
23408
23440
23472
23504
23536
23568
23600
23632
23664
23696
23728
23760
23792
23824
23856
23888
23920
23952
23984
24016
24048
24080
24112
24144
24176
24208
24240
24272
24304
24336
24368
24400
24432
24464
24496
24528
24560
24592
24624
24656
24688
24720
24752
24784
24816
24848
24880
24912
24944
24976
25008
25040
25072
25104
25136
25168
25200
25232
25264
25296
25328
25360
25392
25424
25456
25488
25520
25552
25584
25616
25648
25680
25712
25744
25776
25808
25840
25872
25904
25936
25968
26000
26032
26064
26096
26128
26160
26192
26224
26256
26288
26320
26352
26384
26416
26448
26480
26512
26544
26576
26608
26640
26672
26704
26736
26768
26800
26832
26864
26896
26928
26960
26992
27024
27056
27088
27120
27152
27184
27216
27248
27280
27312
27344
27376
27408
27440
27472
27504
27536
27568
27600
27632
27664
27696
27728
27760
27792
27824
27856
27888
27920
27952
27984
28016
28048
28080
28112
28144
28176
28208
28240
28272
28304
28336
28368
28400
28432
28464
28496
28528
28560
28592
28624
28656
28688
28720
28752
28784
28816
28848
28880
28912
28944
28976
29008
29040
29072
29104
29136
29168
29200
29232
29264
29296
29328
29360
29392
29424
29456
29488
29520
29552
29584
29616
29648
29680
29712
29744
29776
29808
29840
29872
29904
29936
29968
30000
30032
30064
30096
30128
30160
30192
30224
30256
30288
30320
30352
30384
30416
30448
30480
30512
30544
30576
30608
30640
30672
30704
30736
30768
30800
30832
30864
30896
30928
30960
30992
31024
31056
31088
31120
31152
31184
31216
31248
31280
31312
31344
31376
31408
31440
31472
31504
31536
31568
31600
31632
31664
31696
31728
31760
31792
31824
31856
31888
31920
31952
31984
32016
32048
32080
32112
32144
32176
32208
32240
32272
32304
32336
32368
32400
32432
32464
32496
32528
32560
32592
32624
32656
32688
32720
32752
32752
32720
32688
32656
32624
32592
32560
32528
32496
32464
32432
32400
32368
32336
32304
32272
32240
32208
32176
32144
32112
32080
32048
32016
31984
31952
31920
31888
31856
31824
31792
31760
31728
31696
31664
31632
31600
31568
31536
31504
31472
31440
31408
31376
31344
31312
31280
31248
31216
31184
31152
31120
31088
31056
31024
30992
30960
30928
30896
30864
30832
30800
30768
30736
30704
30672
30640
30608
30576
30544
30512
30480
30448
30416
30384
30352
30320
30288
30256
30224
30192
30160
30128
30096
30064
30032
30000
29968
29936
29904
29872
29840
29808
29776
29744
29712
29680
29648
29616
29584
29552
29520
29488
29456
29424
29392
29360
29328
29296
29264
29232
29200
29168
29136
29104
29072
29040
29008
28976
28944
28912
28880
28848
28816
28784
28752
28720
28688
28656
28624
28592
28560
28528
28496
28464
28432
28400
28368
28336
28304
28272
28240
28208
28176
28144
28112
28080
28048
28016
27984
27952
27920
27888
27856
27824
27792
27760
27728
27696
27664
27632
27600
27568
27536
27504
27472
27440
27408
27376
27344
27312
27280
27248
27216
27184
27152
27120
27088
27056
27024
26992
26960
26928
26896
26864
26832
26800
26768
26736
26704
26672
26640
26608
26576
26544
26512
26480
26448
26416
26384
26352
26320
26288
26256
26224
26192
26160
26128
26096
26064
26032
26000
25968
25936
25904
25872
25840
25808
25776
25744
25712
25680
25648
25616
25584
25552
25520
25488
25456
25424
25392
25360
25328
25296
25264
25232
25200
25168
25136
25104
25072
25040
25008
24976
24944
24912
24880
24848
24816
24784
24752
24720
24688
24656
24624
24592
24560
24528
24496
24464
24432
24400
24368
24336
24304
24272
24240
24208
24176
24144
24112
24080
24048
24016
23984
23952
23920
23888
23856
23824
23792
23760
23728
23696
23664
23632
23600
23568
23536
23504
23472
23440
23408
23376
23344
23312
23280
23248
23216
23184
23152
23120
23088
23056
23024
22992
22960
22928
22896
22864
22832
22800
22768
22736
22704
22672
22640
22608
22576
22544
22512
22480
22448
22416
22384
22352
22320
22288
22256
22224
22192
22160
22128
22096
22064
22032
22000
21968
21936
21904
21872
21840
21808
21776
21744
21712
21680
21648
21616
21584
21552
21520
21488
21456
21424
21392
21360
21328
21296
21264
21232
21200
21168
21136
21104
21072
21040
21008
20976
20944
20912
20880
20848
20816
20784
20752
20720
20688
20656
20624
20592
20560
20528
20496
20464
20432
20400
20368
20336
20304
20272
20240
20208
20176
20144
20112
20080
20048
20016
19984
19952
19920
19888
19856
19824
19792
19760
19728
19696
19664
19632
19600
19568
19536
19504
19472
19440
19408
19376
19344
19312
19280
19248
19216
19184
19152
19120
19088
19056
19024
18992
18960
18928
18896
18864
18832
18800
18768
18736
18704
18672
18640
18608
18576
18544
18512
18480
18448
18416
18384
18352
18320
18288
18256
18224
18192
18160
18128
18096
18064
18032
18000
17968
17936
17904
17872
17840
17808
17776
17744
17712
17680
17648
17616
17584
17552
17520
17488
17456
17424
17392
17360
17328
17296
17264
17232
17200
17168
17136
17104
17072
17040
17008
16976
16944
16912
16880
16848
16816
16784
16752
16720
16688
16656
16624
16592
16560
16528
16496
16464
16432
16400
16368
16336
16304
16272
16240
16208
16176
16144
16112
16080
16048
16016
15984
15952
15920
15888
15856
15824
15792
15760
15728
15696
15664
15632
15600
15568
15536
15504
15472
15440
15408
15376
15344
15312
15280
15248
15216
15184
15152
15120
15088
15056
15024
14992
14960
14928
14896
14864
14832
14800
14768
14736
14704
14672
14640
14608
14576
14544
14512
14480
14448
14416
14384
14352
14320
14288
14256
14224
14192
14160
14128
14096
14064
14032
14000
13968
13936
13904
13872
13840
13808
13776
13744
13712
13680
13648
13616
13584
13552
13520
13488
13456
13424
13392
13360
13328
13296
13264
13232
13200
13168
13136
13104
13072
13040
13008
12976
12944
12912
12880
12848
12816
12784
12752
12720
12688
12656
12624
12592
12560
12528
12496
12464
12432
12400
12368
12336
12304
12272
12240
12208
12176
12144
12112
12080
12048
12016
11984
11952
11920
11888
11856
11824
11792
11760
11728
11696
11664
11632
11600
11568
11536
11504
11472
11440
11408
11376
11344
11312
11280
11248
11216
11184
11152
11120
11088
11056
11024
10992
10960
10928
10896
10864
10832
10800
10768
10736
10704
10672
10640
10608
10576
10544
10512
10480
10448
10416
10384
10352
10320
10288
10256
10224
10192
10160
10128
10096
10064
10032
10000
9968
9936
9904
9872
9840
9808
9776
9744
9712
9680
9648
9616
9584
9552
9520
9488
9456
9424
9392
9360
9328
9296
9264
9232
9200
9168
9136
9104
9072
9040
9008
8976
8944
8912
8880
8848
8816
8784
8752
8720
8688
8656
8624
8592
8560
8528
8496
8464
8432
8400
8368
8336
8304
8272
8240
8208
8176
8144
8112
8080
8048
8016
7984
7952
7920
7888
7856
7824
7792
7760
7728
7696
7664
7632
7600
7568
7536
7504
7472
7440
7408
7376
7344
7312
7280
7248
7216
7184
7152
7120
7088
7056
7024
6992
6960
6928
6896
6864
6832
6800
6768
6736
6704
6672
6640
6608
6576
6544
6512
6480
6448
6416
6384
6352
6320
6288
6256
6224
6192
6160
6128
6096
6064
6032
6000
5968
5936
5904
5872
5840
5808
5776
5744
5712
5680
5648
5616
5584
5552
5520
5488
5456
5424
5392
5360
5328
5296
5264
5232
5200
5168
5136
5104
5072
5040
5008
4976
4944
4912
4880
4848
4816
4784
4752
4720
4688
4656
4624
4592
4560
4528
4496
4464
4432
4400
4368
4336
4304
4272
4240
4208
4176
4144
4112
4080
4048
4016
3984
3952
3920
3888
3856
3824
3792
3760
3728
3696
3664
3632
3600
3568
3536
3504
3472
3440
3408
3376
3344
3312
3280
3248
3216
3184
3152
3120
3088
3056
3024
2992
2960
2928
2896
2864
2832
2800
2768
2736
2704
2672
2640
2608
2576
2544
2512
2480
2448
2416
2384
2352
2320
2288
2256
2224
2192
2160
2128
2096
2064
2032
2000
1968
1936
1904
1872
1840
1808
1776
1744
1712
1680
1648
1616
1584
1552
1520
1488
1456
1424
1392
1360
1328
1296
1264
1232
1200
1168
1136
1104
1072
1040
1008
976
944
912
880
848
816
784
752
720
688
656
624
592
560
528
496
464
432
400
368
336
304
272
240
208
176
144
112
80
48
16
