0
128
256
383
510
637
764
891
1017
1143
1269
1394
1519
1644
1769
1894
2018
2142
2266
2389
2512
2635
2758
2881
3003
3125
3247
3368
3489
3610
3731
3852
3972
4092
4211
4331
4450
4569
4688
4806
4925
5043
5160
5278
5395
5512
5629
5745
5861
5977
6093
6209
6324
6439
6554
6668
6782
6896
7010
7123
7237
7350
7462
7575
7687
7799
7911
8022
8133
8244
8355
8466
8576
8686
8795
8905
9014
9123
9232
9340
9448
9556
9664
9772
9879
9986
10092
10199
10305
10411
10517
10622
10727
10832
10937
11042
11146
11250
11353
11457
11560
11663
11766
11868
11970
12072
12174
12275
12377
12478
12578
12679
12779
12879
12979
13078
13177
13276
13375
13473
13571
13669
13767
13865
13962
14059
14155
14252
14348
14444
14540
14635
14730
14825
14920
15014
15108
15202
15296
15390
15483
15576
15668
15761
15853
15945
16037
16128
16219
16310
16401
16491
16581
16671
16761
16850
16940
17028
17117
17206
17294
17382
17469
17557
17644
17731
17818
17904
17990
18076
18162
18247
18332
18417
18502
18586
18670
18754
18838
18921
19005
19088
19170
19253
19335
19417
19498
19580
19661
19742
19822
19903
19983
20063
20143
20222
20301
20380
20459
20537
20615
20693
20771
20848
20925
21002
21079
21155
21231
21307
21383
21458
21534
21608
21683
21757
21832
21906
21979
22053
22126
22199
22271
22344
22416
22488
22559
22631
22702
22773
22843
22914
22984
23054
23123
23193
23262
23331
23399
23468
23536
23604
23671
23739
23806
23873
23939
24006
24072
24138
24203
24269
24334
24399
24464
24528
24592
24656
24720
24783
24846
24909
24971
25034
25096
25158
25219
25281
25342
25403
25463
25524
25584
25644
25703
25763
25822
25881
25939
25998
26056
26114
26171
26229
26286
26343
26399
26456
26512
26568
26623
26679
26734
26789
26843
26898
26952
27005
27059
27112
27166
27218
27271
27323
27375
27427
27479
27530
27581
27632
27683
27733
27783
27833
27883
27932
27981
28030
28079
28127
28175
28223
28270
28318
28365
28412
28458
28505
28551
28597
28642
28688
28733
28777
28822
28866
28910
28954
28998
29041
29084
29127
29170
29212
29254
29296
29338
29379
29420
29461
29501
29542
29582
29622
29661
29700
29740
29778
29817
29855
29893
29931
29969
30006
30043
30080
30117
30153
30189
30225
30260
30296
30331
30366
30400
30434
30468
30502
30536
30569
30602
30635
30668
30700
30732
30764
30795
30827
30858
30889
30919
30949
30979
31009
31039
31068
31097
31126
31155
31183
31211
31239
31266
31294
31321
31347
31374
31400
31426
31452
31478
31503
31528
31553
31577
31602
31626
31650
31673
31696
31719
31742
31765
31787
31809
31831
31852
31874
31895
31916
31936
31956
31976
31996
32016
32035
32054
32073
32091
32110
32128
32146
32163
32180
32197
32214
32231
32247
32263
32279
32294
32310
32325
32339
32354
32368
32382
32396
32410
32423
32436
32449
32461
32473
32485
32497
32509
32520
32531
32542
32552
32563
32573
32582
32592
32601
32610
32619
32627
32636
32644
32651
32659
32666
32673
32680
32687
32693
32699
32705
32710
32715
32720
32725
32730
32734
32738
32742
32745
32748
32751
32754
32757
32759
32761
32763
32764
32765
32766
32767
32768
32768
32768
32768
32767
32766
32765
32764
32763
32761
32759
32757
32754
32751
32748
32745
32742
32738
32734
32730
32725
32720
32715
32710
32705
32699
32693
32687
32680
32673
32666
32659
32651
32644
32636
32627
32619
32610
32601
32592
32582
32573
32563
32552
32542
32531
32520
32509
32497
32485
32473
32461
32449
32436
32423
32410
32396
32382
32368
32354
32339
32325
32310
32294
32279
32263
32247
32231
32214
32197
32180
32163
32146
32128
32110
32091
32073
32054
32035
32016
31996
31976
31956
31936
31916
31895
31874
31852
31831
31809
31787
31765
31742
31719
31696
31673
31650
31626
31602
31577
31553
31528
31503
31478
31452
31426
31400
31374
31347
31321
31294
31266
31239
31211
31183
31155
31126
31097
31068
31039
31009
30979
30949
30919
30889
30858
30827
30795
30764
30732
30700
30668
30635
30602
30569
30536
30502
30468
30434
30400
30366
30331
30296
30260
30225
30189
30153
30117
30080
30043
30006
29969
29931
29893
29855
29817
29778
29740
29700
29661
29622
29582
29542
29501
29461
29420
29379
29338
29296
29254
29212
29170
29127
29084
29041
28998
28954
28910
28866
28822
28777
28733
28688
28642
28597
28551
28505
28458
28412
28365
28318
28270
28223
28175
28127
28079
28030
27981
27932
27883
27833
27783
27733
27683
27632
27581
27530
27479
27427
27375
27323
27271
27218
27166
27112
27059
27005
26952
26898
26843
26789
26734
26679
26623
26568
26512
26456
26399
26343
26286
26229
26171
26114
26056
25998
25939
25881
25822
25763
25703
25644
25584
25524
25463
25403
25342
25281
25219
25158
25096
25034
24971
24909
24846
24783
24720
24656
24592
24528
24464
24399
24334
24269
24203
24138
24072
24006
23939
23873
23806
23739
23671
23604
23536
23468
23399
23331
23262
23193
23123
23054
22984
22914
22843
22773
22702
22631
22559
22488
22416
22344
22271
22199
22126
22053
21979
21906
21832
21757
21683
21608
21534
21458
21383
21307
21231
21155
21079
21002
20925
20848
20771
20693
20615
20537
20459
20380
20301
20222
20143
20063
19983
19903
19822
19742
19661
19580
19498
19417
19335
19253
19170
19088
19005
18921
18838
18754
18670
18586
18502
18417
18332
18247
18162
18076
17990
17904
17818
17731
17644
17557
17469
17382
17294
17206
17117
17028
16940
16850
16761
16671
16581
16491
16401
16310
16219
16128
16037
15945
15853
15761
15668
15576
15483
15390
15296
15202
15108
15014
14920
14825
14730
14635
14540
14444
14348
14252
14155
14059
13962
13865
13767
13669
13571
13473
13375
13276
13177
13078
12979
12879
12779
12679
12578
12478
12377
12275
12174
12072
11970
11868
11766
11663
11560
11457
11353
11250
11146
11042
10937
10832
10727
10622
10517
10411
10305
10199
10092
9986
9879
9772
9664
9556
9448
9340
9232
9123
9014
8905
8795
8686
8576
8466
8355
8244
8133
8022
7911
7799
7687
7575
7462
7350
7237
7123
7010
6896
6782
6668
6554
6439
6324
6209
6093
5977
5861
5745
5629
5512
5395
5278
5160
5043
4925
4806
4688
4569
4450
4331
4211
4092
3972
3852
3731
3610
3489
3368
3247
3125
3003
2881
2758
2635
2512
2389
2266
2142
2018
1894
1769
1644
1519
1394
1269
1143
1017
891
764
637
510
383
256
128
0
